--------10AbaIzq1 -0.9999 -0.9990 -0.9999 -0.9990 0.0000
--------10AbaIzq2 -1.0000 -1.0000 -1.0000 -1.0000 0.0000
--------10ArrIzq1 -1.0000 -1.0000 -1.0000 -1.0000 0.0000
--------10ArrIzq2 -1.0000 -1.0000 -1.0000 -1.0000 0.0000
--------10ArrIzq22 -0.9990 -0.9900 -0.9990 -0.9990 0.0000
--------11ArrIzq1 -1.0000 -1.0000 -1.0000 -1.0000 0.0000
--------11ArrIzq2 -1.0000 -1.0000 -1.0000 -1.0000 0.0000
--------11ArrIzq22 -0.9990 -0.9000 -0.9000 -0.9900 0.0000
--------12ArrIzq1 -1.0000 -1.0000 -1.0000 -1.0000 0.0000
--------12ArrIzq22 -0.9000 0.0000 -0.9000 0.0000 0.0000
--------12ArrIzq32 -0.9000 0.0000 0.0000 0.0000 0.0000
--------13ArrIzq1 -1.0000 -0.9999 -1.0000 -1.0000 0.0000
--------14ArrIzq1 -1.0000 -0.9999 -1.0000 -1.0000 0.0000
--------15ArrIzq1 -0.9900 -0.9990 -0.9900 -0.9990 0.0000
--------3ArrDer3 -0.9900 -0.9900 124.8947 -0.9990 0.0000
--------4AbaDer3 0.0000 -0.9000 -0.9000 -0.9000 0.0000
--------4AbaIzq1 -0.9000 -0.9000 0.0000 -0.9000 0.0000
--------4AbaIzq2 -1.0000 -1.0000 -1.0000 99.3297 0.0000
--------4ArrDer3 -0.9900 -0.9900 -0.9990 -0.9900 0.0000
--------5AbaDer3 -0.9000 -0.9900 -0.9000 -0.9000 0.0000
--------5AbaIzq1 -0.9990 -0.9900 -0.9990 -0.9900 0.0000
--------5AbaIzq2 -1.0000 32.7558 -1.0000 -1.0000 0.0000
--------5ArrDer3 -0.9000 -0.9000 -0.9900 -0.9900 0.0000
--------5ArrIzq1 -0.9000 0.0000 -0.9000 -0.9000 0.0000
--------5ArrIzq2 -1.0000 -1.0000 -1.0000 78.2302 0.0000
--------6AbaDer3 -0.9000 0.0000 -0.9900 -0.9000 0.0000
--------6AbaIzq1 -0.9999 -0.9990 -0.9999 -0.9990 0.0000
--------6AbaIzq2 -1.0000 -1.0000 -1.0000 8.4059 0.0000
--------6AbaIzq22 0.0000 0.0000 0.0000 0.0000 0.0000
--------6AbaIzq3 -0.9000 -0.9000 -0.9900 0.0000 0.0000
--------6ArrDer3 -0.9000 0.0000 0.0000 0.0000 0.0000
--------6ArrIzq1 -0.9000 -0.9000 -0.9000 -0.9900 0.0000
--------6ArrIzq2 -1.0000 -1.0000 -1.0000 58.5904 0.0000
--------6ArrIzq22 -0.9000 0.0000 0.0000 0.0000 0.0000
--------7AbaIzq1 -0.9990 -0.9990 -0.9990 -0.9990 0.0000
--------7AbaIzq2 -1.0000 -1.0000 -1.0000 -1.0000 0.0000
--------7ArrIzq1 -1.0000 -1.0000 -1.0000 -1.0000 0.0000
--------7ArrIzq2 34.4743 -1.0000 -1.0000 -1.0000 0.0000
--------7ArrIzq22 0.0000 0.0000 0.0000 -0.9000 0.0000
--------7ArrIzq3 -0.9000 -0.9000 0.0000 0.0000 0.0000
--------8AbaIzq1 -0.9999 -0.9999 -0.9999 -1.0000 0.0000
--------8AbaIzq2 -1.0000 -1.0000 -1.0000 -1.0000 0.0000
--------8AbaIzq22 0.0000 0.0000 -0.9000 0.0000 0.0000
--------8ArrIzq1 -1.0000 -1.0000 -1.0000 -1.0000 0.0000
--------8ArrIzq2 -1.0000 -1.0000 -1.0000 -1.0000 0.0000
--------8ArrIzq22 0.0000 -0.9000 -0.9000 -0.9000 0.0000
--------9AbaIzq1 -1.0000 -1.0000 -1.0000 -1.0000 0.0000
--------9AbaIzq2 -1.0000 -1.0000 -1.0000 -1.0000 0.0000
--------9ArrIzq1 -1.0000 -1.0000 -1.0000 -1.0000 0.0000
--------9ArrIzq2 -1.0000 -1.0000 -1.0000 -1.0000 0.0000
--------9ArrIzq22 -0.9000 -0.9000 -0.9900 -0.9900 0.0000
-------M11AbaIzq1 -0.9900 -0.9990 -0.9900 -0.9900 0.0000
-------M5AbaDer3 -0.9000 -0.9000 -0.9000 -0.9000 0.0000
-------M9ArrIzq1 -0.9999 -1.0000 -0.9999 -0.9999 0.0000
-------M9ArrIzq2 -1.0000 -1.0000 -1.0000 -1.0000 0.0000
------MM10ArrIzq1 -0.9990 -0.9990 -0.9900 -0.9990 0.0000
------MM10ArrIzq2 -1.0000 -1.0000 -1.0000 -1.0000 0.0000
------MM12AbaIzq1 -0.9900 -0.9000 -0.9990 -0.9900 0.0000
------MM4AbaDer3 0.0000 -0.9000 -0.9000 -0.9000 0.0000
-----MMM10ArrIzq1 0.0000 0.0000 0.0000 -0.9000 0.0000
-----MMM10ArrIzq2 -1.0000 -1.0000 -1.0000 -1.0000 0.0000
-----MMM10ArrIzq22 0.0000 0.0000 -0.9000 0.0000 0.0000
-----MMM11ArrIzq1 -1.0000 -1.0000 -1.0000 -1.0000 0.0000
-----MMM11ArrIzq2 -1.0000 -1.0000 -1.0000 -1.0000 0.0000
-----MMM11ArrIzq22 -0.9900 -0.9000 -0.9000 -0.9000 0.0000
-----MMM12ArrIzq1 -1.0000 -1.0000 -1.0000 -1.0000 0.0000
-----MMM12ArrIzq2 -1.0000 -1.0000 -1.0000 -1.0000 0.0000
-----MMM12ArrIzq22 -0.9000 0.0000 0.0000 -0.9000 0.0000
-----MMM13AbaIzq1 -0.9900 -0.9900 -0.9900 -0.9900 0.0000
-----MMM13ArrIzq1 -0.9990 -0.9900 -0.9990 -0.9990 0.0000
-----MMM13ArrIzq22 0.0000 -0.9000 -0.9000 -0.9000 0.0000
-----MMM13ArrIzq32 -0.9000 0.0000 0.0000 0.0000 0.0000
-----MMM14ArrIzq1 -0.9900 -0.9900 -0.9000 -0.9990 0.0000
-----MMM15ArrIzq1 -0.9900 -0.9000 -0.9900 -0.9000 0.0000
-----MMM16ArrIzq1 -0.9900 -0.9990 -0.9900 -0.9990 0.0000
-----MMM3AbaDer3 -0.9900 0.0000 -0.9000 -0.9000 0.0000
-----MMM4ArrDer3 91.1744 -0.9990 -0.9999 -0.9990 0.0000
-----MMM5ArrDer3 -0.9900 -0.9900 -0.9990 -0.9900 0.0000
-----MMM6ArrDer3 -0.9000 -0.9000 -0.9900 -0.9000 0.0000
-----MMM6ArrIzq2 -1.0000 -0.9999 -1.0000 -1.0000 0.0000
-----MMM7ArrDer3 0.0000 0.0000 -0.9000 0.0000 0.0000
-----MMM7ArrIzq1 -0.9000 0.0000 -0.9000 0.0000 0.0000
-----MMM7ArrIzq2 -1.0000 -1.0000 -1.0000 -1.0000 0.0000
-----MMM7ArrIzq22 0.0000 0.0000 -0.9000 -0.9000 0.0000
-----MMM8ArrIzq1 -0.9000 -0.9000 0.0000 -0.9000 0.0000
-----MMM8ArrIzq2 -1.0000 -1.0000 -1.0000 -1.0000 0.0000
-----MMM8ArrIzq22 0.0000 -0.9000 -0.9000 -0.9000 0.0000
-----MMM9ArrIzq1 -0.9000 -0.9000 0.0000 0.0000 0.0000
-----MMM9ArrIzq2 -1.0000 -1.0000 -1.0000 -1.0000 0.0000
-----MMM9ArrIzq22 -0.9000 -0.9000 0.0000 -0.9000 0.0000
----M---10AbaIzq1 -0.9900 -0.9900 -0.9900 -0.9900 0.0000
----M---10AbaIzq2 -1.0000 -1.0000 -1.0000 -1.0000 0.0000
----M---10AbaIzq22 0.0000 -0.9000 0.0000 0.0000 0.0000
----M---10ArrIzq1 -1.0000 -1.0000 -0.9999 -1.0000 0.0000
----M---4AbaDer3 -0.9000 0.0000 0.0000 -0.9000 0.0000
---M----10ArrIzq1 -1.0000 -0.9993 -1.0000 -0.9992 0.0000
---M----12ArrIzq1 -0.9999 -1.0000 -1.0000 -0.9999 0.0000
---M----4AbaIzq1 -0.9000 0.0000 -0.9000 0.0000 0.0000
---M----4AbaIzq2 -1.0000 98.0312 -0.9999 -0.9999 0.0000
---M----4ArrIzq1 -0.9000 0.0000 0.0000 0.0000 0.0000
---M----4ArrIzq2 99.4343 -0.9990 -0.9999 -0.9999 0.0000
---M----6ArrIzq1 -1.0000 -1.0000 -1.0000 -1.0000 0.0000
---M----6ArrIzq2 -0.9999 -0.9999 -0.9999 -0.9999 0.0000
---M----8AbaIzq1 -0.9999 -0.9990 -0.9999 -0.9990 0.0000
---M----8ArrIzq1 -0.9000 0.0000 -0.9000 0.0000 0.0000
--F-----11ArrIzq32 0.0000 0.0000 -0.9000 0.0000 0.0000
--F-----2ArrDer3 -0.9000 0.0000 -0.9000 0.0000 0.0000
--M-----11ArrIzq1 -1.0000 -0.9999 -0.9999 -0.9999 0.0000
--M-----3AbaDer3 -0.9000 -0.9000 -0.9000 0.0000 0.0000
--M-----9AbaIzq1 -0.9000 -0.9900 -0.9000 -0.9000 0.0000
--M-----9AbaIzq2 -1.0000 -1.0000 -1.0000 -1.0000 0.0000
--M-----9AbaIzq22 -0.9000 -0.9900 -0.9000 -0.9000 0.0000
--M-M--M11AbaIzq1 -0.9000 -0.9000 -0.9000 -0.9000 0.0000
--M-M--M11AbaIzq2 -1.0000 -1.0000 -1.0000 -1.0000 0.0000
--M-M--M12ArrIzq1 -0.9000 -0.9000 -0.9000 -0.9000 0.0000
--M-M--M12ArrIzq2 -1.0000 -1.0000 -1.0000 -1.0000 0.0000
--M-M--M12ArrIzq22 -0.9000 -0.9900 -0.9900 -0.9000 0.0000
--M-M--M13ArrIzq22 -0.9000 -0.9900 -0.9900 -0.9000 0.0000
--M-M--M13ArrIzq32 -0.9000 0.0000 0.0000 0.0000 0.0000
--M-M--M15ArrIzq1 -0.9000 -0.9900 -0.9900 -0.9900 0.0000
--M-M--M16ArrIzq1 -0.9900 -0.9900 -0.9000 -0.9900 0.0000
--M-M--M2Arr3 158.2000 99.3476 112.8514 -0.9990 0.0000
--M-MMMM12ArrIzq1 -0.9000 -0.9000 -0.9900 -0.9900 0.0000
--M-MMMM12ArrIzq2 -1.0000 -1.0000 -1.0000 -1.0000 0.0000
--M-MMMM13ArrIzq1 -0.9900 -0.9900 -0.9000 -0.9000 0.0000
--M-MMMM13ArrIzq2 -1.0000 -1.0000 -1.0000 -1.0000 0.0000
--M-MMMM14AbaIzq1 -0.9000 -0.9000 -0.9900 -0.9900 0.0000
--M-MMMM14ArrIzq22 -0.9000 -0.9900 -0.9000 -0.9900 0.0000
--M-MMMM14ArrIzq32 0.0000 0.0000 0.0000 -0.9000 0.0000
--M-MMMM17ArrIzq1 -0.9900 -0.9900 -0.9900 -0.9900 0.0000
--M-MMMM2Aba3 -0.9000 -0.9000 -0.9000 -0.9000 0.0000
--M-MMMM3Arr3 125.5600 99.3474 -1.0000 45.5204 0.0000
-FM-M--M12ArrIzq32 179.1000 -0.9000 -0.9000 0.0000 0.0000
-FM-M--M1Arr3 199.0000 112.9050 0.0000 0.0000 0.0000
-MM-----10AbaIzq1 -0.9000 -0.9900 -0.9000 -0.9000 0.0000
-MM-----10AbaIzq2 -1.0000 -1.0000 -1.0000 -1.0000 0.0000
-MM-----10AbaIzq22 -0.9900 -0.9900 -0.9000 -0.9900 0.0000
-MM-----12ArrIzq1 -0.9990 -0.9900 -0.9990 -0.9990 0.0000
-MM-----2AbaDer3 -0.9000 0.0000 -0.9000 -0.9000 0.0000
A 0.0000 0.0000 0.0000 0.0000 0.0000
M-------7AbaIzq1 -0.9900 -0.9900 -0.9990 -0.9900 0.0000
M-------7AbaIzq2 -1.0000 -1.0000 -1.0000 -1.0000 0.0000
M-------7ArrIzq1 -1.0000 -1.0000 -1.0000 -1.0000 0.0000
M----M--11ArrIzq1 -0.9998 -0.9997 -1.0000 -1.0000 0.0000
M----M--3AbaIzq1 0.0000 0.0000 -0.9000 -0.9000 0.0000
M----M--3AbaIzq2 60.4103 45.5575 63.3156 125.5600 0.0000
M----M--7ArrIzq1 -0.9000 -0.9000 -0.9000 -0.9000 0.0000
M----MMM13ArrIzq1 -1.0000 -1.0000 -1.0000 -1.0000 0.0000
M----MMM5ArrIzq2 -0.9999 -0.9990 -0.9999 -0.9990 0.0000
M----MMM6ArrIzq22 0.0000 0.0000 -0.9000 0.0000 0.0000
MM------6AbaIzq1 -0.9000 -0.9000 -0.9000 -0.9000 0.0000
MM------6AbaIzq2 -0.9999 -0.9999 -1.0000 -0.9999 0.0000
MM------6ArrIzq1 0.0000 -0.9000 0.0000 0.0000 0.0000
MM------8ArrIzq1 -1.0000 -0.9974 -1.0000 -1.0000 0.0000
MM---MM-12ArrIzq1 -1.0000 -1.0000 1.7053 -1.0000 0.0000
MM---MM-2AbaIzq1 -0.9000 0.0000 0.0000 128.0520 0.0000
MM---MM-2AbaIzq2 113.0040 0.0000 -0.9000 158.2000 0.0000
MM---MM-6ArrIzq1 -0.9900 -0.9000 -0.9900 -0.9000 0.0000
MM---MMM14ArrIzq1 -1.0000 -1.0000 -1.0000 -1.0000 0.0000
MM---MMM4ArrIzq2 -0.9900 -0.9900 -0.9900 -0.9000 0.0000
MM---MMM6ArrIzq2 0.0000 0.0000 -0.9000 0.0000 0.0000
MMM-----10AbaIzq1 -1.0000 -1.0000 -1.0000 -1.0000 0.0000
MMM-----10AbaIzq2 -1.0000 -1.0000 -1.0000 -1.0000 0.0000
MMM-----11AbaIzq1 -0.9999 -0.9999 -0.9990 -1.0000 0.0000
MMM-----11AbaIzq2 -1.0000 -1.0000 -1.0000 -1.0000 0.0000
MMM-----11AbaIzq22 -0.9900 -0.9000 -0.9900 -0.9000 0.0000
MMM-----12AbaIzq1 -0.9900 -0.9900 -0.9900 -0.9900 0.0000
MMM-----13AbaIzq1 -0.9000 -0.9990 -0.9000 -0.9900 0.0000
MMM-----13ArrIzq1 -0.9900 -0.9990 -0.9900 -0.9900 0.0000
MMM-----14AbaIzq1 -0.9000 -0.9000 -0.9000 -0.9900 0.0000
MMM-----4AbaDer3 -0.9000 -0.9000 -0.9000 -0.9000 0.0000
MMM-----5AbaDer3 0.0000 0.0000 -0.9000 0.0000 0.0000
MMM-----6AbaDer3 -0.9000 -0.9000 0.0000 -0.9000 0.0000
MMM-----6AbaIzq1 -1.0000 -1.0000 -1.0000 -1.0000 0.0000
MMM-----6AbaIzq2 -1.0000 -1.0000 -1.0000 -1.0000 0.0000
MMM-----7AbaIzq1 -1.0000 -1.0000 -1.0000 -1.0000 0.0000
MMM-----7AbaIzq2 -1.0000 -1.0000 -1.0000 -1.0000 0.0000
MMM-----7AbaIzq3 0.0000 -0.9000 -0.9000 0.0000 0.0000
MMM-----8AbaDer3 0.0000 -0.9000 0.0000 0.0000 0.0000
MMM-----8AbaIzq1 -0.9999 -0.9999 -0.9999 -1.0000 0.0000
MMM-----8AbaIzq2 -1.0000 -1.0000 -1.0000 -1.0000 0.0000
MMM-----9AbaIzq1 -0.9999 -0.9990 -0.9999 -0.9999 0.0000
MMM-----9AbaIzq2 -1.0000 -1.0000 -1.0000 -1.0000 0.0000
MMM--M--5AbaIzq1 -1.0000 -1.0000 -1.0000 -1.0000 0.0000
MMM--M--5AbaIzq2 -1.0000 -1.0000 -1.0000 -1.0000 0.0000
MMM--M--9AbaIzq1 -0.9999 -1.0000 -1.0000 -0.9999 0.0000
MMM--M--9ArrIzq1 -0.9620 -0.9928 -0.9879 -0.9955 0.0000
MMM--MM-10AbaIzq1 -0.9900 -0.9900 -0.9999 -0.9999 0.0000
MMM--MM-10ArrIzq1 -0.9916 -0.9950 -0.9957 -0.9989 0.0000
MMM--MM-4AbaIzq1 -0.9990 -0.9990 -0.9999 -0.9990 0.0000
MMM--MM-4AbaIzq2 -1.0000 -0.9999 -0.9999 -1.0000 0.0000
MMM--MM-8AbaIzq1 -0.9990 -0.9990 -0.9990 -0.9990 0.0000
MMM--MMM11AbaIzq1 -0.9999 -0.9999 -1.0000 -1.0000 0.0000
MMM--MMM11ArrIzq1 -1.0000 -1.0000 -0.9913 -1.0000 0.0000
MMM--MMM12AbaIzq1 -1.0000 -1.0000 -1.0000 -1.0000 0.0000
MMM--MMM13AbaIzq1 -1.0000 -1.0000 -1.0000 -1.0000 0.0000
MMM--MMM13ArrIzq1 -1.0000 -1.0000 -1.0000 -1.0000 0.0000
MMM--MMM15ArrIzq1 -1.0000 -1.0000 -1.0000 -1.0000 0.0000
MMM--MMM2AbaIzq1 -0.9000 -0.9000 -0.9000 -0.9900 0.0000
MMM--MMM2AbaIzq2 -0.9900 110.6240 -0.9000 157.8832 0.0000
MMM--MMM3AbaIzq1 -0.9900 -0.9900 -0.9900 -0.9900 0.0000
MMM--MMM3AbaIzq2 -0.9990 -0.9900 -0.9990 110.6231 0.0000
MMM--MMM3ArrIzq2 0.0000 0.0000 -0.9000 -0.9000 0.0000
MMM--MMM5AbaIzq1 -1.0000 -1.0000 -1.0000 -1.0000 0.0000
MMM--MMM5ArrIzq1 -0.9900 -0.9900 -0.9900 -0.9900 0.0000
MMM--MMM6AbaIzq1 -1.0000 -1.0000 -1.0000 -1.0000 0.0000
MMM--MMM7AbaIzq1 -0.9999 -0.9999 -1.0000 -0.9999 0.0000
MMM-F---1AbaDer3 -0.9000 -0.9000 179.1000 0.0000 0.0000
MMM-M--M11AbaIzq1 -0.9000 -0.9900 -0.9000 -0.9000 0.0000
MMM-M--M11AbaIzq2 -1.0000 -1.0000 -1.0000 -1.0000 0.0000
MMM-M--M12AbaIzq1 0.0000 -0.9000 -0.9000 -0.9000 0.0000
MMM-M--M12AbaIzq2 -1.0000 -1.0000 -1.0000 -1.0000 0.0000
MMM-M--M12AbaIzq22 -0.9000 -0.9900 -0.9900 -0.9900 0.0000
MMM-M--M14ArrIzq1 -0.9000 -0.9000 -0.9000 -0.9900 0.0000
MMM-M--M15AbaIzq1 -0.9000 -0.9000 -0.9000 -0.9000 0.0000
MMM-M--M3Aba3 -0.9000 -0.9000 -0.9000 -0.9000 0.0000
MMMC-MM-10ArrIzq1 127.2871 0.0000 0.0000 178.1995 0.0000
MMMC-MM-4AbaIzq2 -0.9000 0.0000 -0.9000 89.1000 0.0000
MMMC-MMM11ArrIzq1 0.0000 -0.9000 -0.9000 105.8460 0.0000
MMMC-MMM3AbaIzq2 0.0000 0.0000 0.0000 89.1000 0.0000
MMMF-MMM1AbaIzq1 -0.9000 -0.9000 -0.9000 197.0100 0.0000
MMMF-MMM1AbaIzq2 0.0000 -0.9900 100.4207 199.0000 0.0000
MMMM-MMM12Arr1 -1.0000 5.8460 5.7750 -1.0000 0.0000
MMMM-MMM14Aba1 -1.0000 -1.0000 -1.0000 -1.0000 0.0000
MMMM-MMM14Arr1 -1.0000 -1.0000 -1.0000 -1.0000 0.0000
MMMM-MMM16Arr1 -1.0000 -1.0000 -1.0000 -1.0000 0.0000
MMMM-MMM2Aba2 0.0000 0.0000 -0.9000 0.0000 0.0000
MMMM-MMM2Arr2 0.0000 0.0000 -0.9000 0.0000 0.0000
MMMM-MMM4Aba1 -1.0000 -1.0000 -1.0000 -1.0000 0.0000
MMMM-MMM4Arr1 -0.9900 -0.9990 -0.9990 -0.9990 0.0000
