--------6810ArrDer1 -1.0000 -1.0000 -1.0000 -1.0000 0.0000
--------6810ArrIzq1 149.3061 -1.0000 -1.0000 -1.0000 0.0000
--------6811ArrDer1 -0.9999 -0.9999 -0.9999 -0.9999 0.0000
--------6811ArrIzq1 140.6943 -1.0000 -1.0000 -1.0000 0.0000
--------6812ArrDer1 -0.9900 -0.9900 -0.9990 -0.9900 0.0000
--------6812ArrIzq1 -1.0000 -1.0000 -1.0000 -1.0000 0.0000
--------6813ArrDer1 0.0000 0.0000 -0.9000 0.0000 0.0000
--------6813ArrIzq1 -1.0000 -1.0000 -1.0000 -1.0000 0.0000
--------6814ArrIzq1 -1.0000 -1.0000 -1.0000 -1.0000 0.0000
--------6815ArrIzq1 -1.0000 -1.0000 -1.0000 -1.0000 0.0000
--------682Arr1 -0.9000 -0.9000 0.0000 -0.9000 0.0000
--------682Arr2 -0.9000 -0.9900 325.8456 -0.9000 0.0000
--------683Arr1 -0.9000 -0.9000 -0.9000 0.0000 0.0000
--------683Arr2 -0.9990 -0.9900 83.6705 -0.9990 0.0000
--------683ArrDer1 -0.9990 -0.9900 -0.9900 -0.9990 0.0000
--------683ArrDer2 -0.9900 -0.9900 46.9949 -0.9900 0.0000
--------683ArrIzq1 189.1305 153.6853 -0.9900 158.2659 0.0000
--------683ArrIzq2 333.5659 269.9759 316.2454 316.0511 0.0000
--------684Arr1 -0.9000 -0.9900 -0.9000 -0.9000 0.0000
--------684Arr2 -1.0000 -0.9999 -0.9999 -0.9999 0.0000
--------684ArrDer1 -0.9999 -0.9999 -0.9999 -0.9990 0.0000
--------684ArrDer2 -1.0000 -1.0000 -1.0000 -1.0000 0.0000
--------684ArrIzq1 184.3567 152.3993 -1.0000 -1.0000 0.0000
--------684ArrIzq2 184.2329 -1.0000 310.9701 -1.0000 0.0000
--------685Arr1 0.0000 0.0000 -0.9000 -0.9000 0.0000
--------685Arr2 -1.0000 -1.0000 -1.0000 -1.0000 0.0000
--------685ArrDer1 -1.0000 -1.0000 -1.0000 -1.0000 0.0000
--------685ArrDer2 -1.0000 -1.0000 -1.0000 -1.0000 0.0000
--------685ArrIzq1 179.6688 153.9832 -1.0000 160.6849 0.0000
--------685ArrIzq2 299.3076 -1.0000 -1.0000 -1.0000 0.0000
--------686ArrDer1 -1.0000 -1.0000 -1.0000 -1.0000 0.0000
--------686ArrDer2 -1.0000 -1.0000 -1.0000 -1.0000 0.0000
--------686ArrIzq1 175.0763 164.4249 165.9961 175.0544 0.0000
--------686ArrIzq2 -1.0000 -1.0000 296.6746 -1.0000 0.0000
--------687ArrDer1 -1.0000 -1.0000 -1.0000 -1.0000 0.0000
--------687ArrDer2 -1.0000 -1.0000 -1.0000 -1.0000 0.0000
--------687ArrIzq1 167.7677 161.3058 161.8003 170.5748 0.0000
--------687ArrIzq2 -0.9999 -0.9999 -1.0000 -1.0000 0.0000
--------688ArrDer1 -1.0000 -1.0000 -1.0000 -1.0000 0.0000
--------688ArrDer2 -1.0000 -1.0000 -1.0000 -1.0000 0.0000
--------688ArrIzq1 -1.0000 140.7300 143.0872 166.1633 0.0000
--------688ArrIzq2 -0.9999 -0.9990 -0.9999 -0.9990 0.0000
--------689ArrDer1 -1.0000 -1.0000 -1.0000 -1.0000 0.0000
--------689ArrDer2 -0.9990 -0.9900 -0.9990 -0.9990 0.0000
--------689ArrIzq1 154.2061 -1.0000 63.8084 -1.0000 0.0000
--------689ArrIzq2 -0.9990 -0.9990 -0.9900 -0.9990 0.0000
--------6910ArrIzq1 48.5694 35.9808 126.1331 149.0010 0.0000
--------6911ArrIzq1 47.9913 31.5937 31.9469 136.7167 0.0000
--------6912ArrIzq1 117.8618 9.4531 2.6494 105.3013 0.0000
--------6913ArrIzq1 114.9232 10.1565 26.6516 8.0632 0.0000
--------6914ArrIzq1 15.3250 25.2952 101.7022 121.7918 0.0000
--------6915ArrIzq1 129.2327 46.1775 -1.0000 -1.0000 0.0000
--------693ArrIzq1 189.1377 -1.0000 126.3846 151.1884 0.0000
--------694ArrIzq1 5.5662 49.2401 -1.0000 146.8909 0.0000
--------695ArrIzq1 178.9106 42.4712 -1.0000 70.5874 0.0000
--------696ArrIzq1 175.0756 37.7521 153.2601 0.0076 0.0000
--------697ArrIzq1 -0.8657 -0.9488 26.0677 170.5659 0.0000
--------698ArrIzq1 165.5078 36.8245 137.5478 114.0436 0.0000
--------699ArrIzq1 159.8789 103.3063 37.0597 0.7844 0.0000
--------7410AbaIzq1 -0.9000 -0.9900 -0.9000 -0.9000 0.0000
--------7410AbaIzq2 -1.0000 -1.0000 -1.0000 -1.0000 0.0000
--------7410ArrIzq1 129.1456 -1.0000 114.6482 149.2719 0.0000
--------7410ArrIzq2 -1.0000 -1.0000 -1.0000 -1.0000 0.0000
--------7411AbaIzq1 -0.9900 -0.9000 0.0000 0.0000 0.0000
--------7411AbaIzq2 -0.9999 -0.9999 -1.0000 -0.9999 0.0000
--------7411ArrIzq1 150.7277 -1.0000 -1.0000 -1.0000 0.0000
--------7411ArrIzq2 -1.0000 -1.0000 -1.0000 -1.0000 0.0000
--------7412AbaIzq1 -0.9000 0.0000 0.0000 0.0000 0.0000
--------7412ArrIzq1 -1.0000 -1.0000 109.3820 -1.0000 0.0000
--------7412ArrIzq2 -0.9999 -1.0000 -1.0000 -1.0000 0.0000
--------7413ArrIzq1 130.5487 -1.0000 -1.0000 -1.0000 0.0000
--------7414ArrIzq1 1.6937 -1.0000 51.8115 -0.4144 0.0000
--------7415ArrIzq1 118.5149 -1.0000 113.3845 -1.0000 0.0000
--------7416ArrIzq1 -0.9990 3.3671 -0.9939 -1.0000 0.0000
--------7417ArrIzq1 2.7880 2.3692 4.5124 -0.9999 0.0000
--------7418ArrIzq1 -0.9990 -0.9000 0.0000 -0.9990 0.0000
--------742AbaIzq2 83.2279 172.6906 244.7452 277.5424 0.0000
--------742AbaIzq3 285.7507 211.1559 407.0507 449.2084 0.0000
--------743AbaIzq2 83.4790 55.7353 234.3735 240.0874 0.0000
--------743AbaIzq3 218.4691 192.0242 192.6884 428.7300 0.0000
--------743ArrIzq2 180.3984 -1.0000 -1.0000 -1.0000 0.0000
--------743ArrIzq3 286.1498 -0.9990 92.4577 -0.9900 0.0000
--------744AbaIzq2 127.5429 59.1983 46.9167 242.2805 0.0000
--------744AbaIzq3 77.7636 309.6815 48.4203 408.3501 0.0000
--------744ArrIzq1 9.5788 130.3675 36.9648 2.3639 0.0000
--------744ArrIzq2 -1.0000 -1.0000 197.7114 -1.0000 0.0000
--------744ArrIzq3 395.1100 48.7401 64.3313 61.4816 0.0000
--------745AbaIzq2 -1.0000 41.7579 -1.0000 229.8325 0.0000
--------745AbaIzq3 40.6132 47.5355 42.8453 216.3670 0.0000
--------745ArrIzq1 -1.0000 -1.0000 134.9853 0.7343 0.0000
--------745ArrIzq2 279.3034 40.7467 68.1567 36.9323 0.0000
--------745ArrIzq3 405.8326 68.0732 372.3458 107.2104 0.0000
--------746AbaIzq2 -1.0000 -1.0000 -1.0000 -1.0000 0.0000
--------746AbaIzq3 39.5546 38.7315 46.9901 43.8738 0.0000
--------746ArrIzq1 -0.5676 127.8308 136.2040 121.3258 0.0000
--------746ArrIzq2 21.8249 -1.0000 21.9052 121.7731 0.0000
--------746ArrIzq3 138.7151 353.4112 54.6759 402.5394 0.0000
--------747AbaIzq2 -1.0000 8.4407 -1.0000 -1.0000 0.0000
--------747AbaIzq3 -1.0000 -1.0000 -1.0000 52.1949 0.0000
--------747ArrIzq1 1.5572 130.5735 139.7084 55.1173 0.0000
--------747ArrIzq2 -1.0000 -1.0000 7.5410 65.5797 0.0000
--------747ArrIzq3 39.8419 29.4934 26.9866 337.4989 0.0000
--------748AbaIzq1 0.0000 -0.9000 0.0000 0.0000 0.0000
--------748AbaIzq2 -1.0000 -1.0000 -1.0000 -1.0000 0.0000
--------748AbaIzq3 -1.0000 -1.0000 -1.0000 -1.0000 0.0000
--------748ArrIzq1 48.6673 0.7585 129.4932 3.1114 0.0000
--------748ArrIzq2 6.4733 -1.0000 -1.0000 16.7696 0.0000
--------749AbaIzq1 -0.9000 -0.9000 -0.9000 -0.9000 0.0000
--------749AbaIzq2 -1.0000 -1.0000 -1.0000 -1.0000 0.0000
--------749AbaIzq3 -1.0000 -1.0000 -1.0000 -1.0000 0.0000
--------749ArrIzq1 151.3542 123.0049 -1.0000 119.0573 0.0000
--------749ArrIzq2 -1.0000 -1.0000 -1.0000 -1.0000 0.0000
-------F742AbaDer3 -0.9000 158.0558 0.0000 0.0000 0.0000
------F-741Aba3 -0.9000 0.0000 -0.9000 95.5212 0.0000
-----F--742AbaIzq3 83.1782 327.6675 108.8032 47.7076 0.0000
-----MMM6810ArrDer1 0.0000 0.0000 -0.9000 -0.9000 0.0000
-----MMM6810ArrDer2 -0.9900 -0.9900 -0.9900 -0.9900 0.0000
-----MMM6810ArrIzq1 -0.9990 -0.9900 -0.9900 -0.9990 0.0000
-----MMM6810ArrIzq2 -0.9990 -0.9990 -0.9900 -0.9900 0.0000
-----MMM6811ArrDer1 -0.9000 -0.9000 -0.9000 0.0000 0.0000
-----MMM6811ArrIzq1 -0.9999 -0.9999 -0.9999 -0.9999 0.0000
-----MMM6812ArrDer1 -0.9000 0.0000 0.0000 0.0000 0.0000
-----MMM6812ArrIzq1 -1.0000 -1.0000 -1.0000 -1.0000 0.0000
-----MMM6813ArrDer1 -0.9000 0.0000 -0.9000 0.0000 0.0000
-----MMM6813ArrIzq1 -1.0000 -1.0000 -1.0000 -1.0000 0.0000
-----MMM6814ArrIzq1 -1.0000 -1.0000 -1.0000 -1.0000 0.0000
-----MMM6815ArrIzq1 -1.0000 -1.0000 -1.0000 -1.0000 0.0000
-----MMM6816ArrIzq1 -1.0000 -1.0000 -1.0000 -1.0000 0.0000
-----MMM686Arr1 0.0000 0.0000 0.0000 -0.9000 0.0000
-----MMM686Arr2 -1.0000 -1.0000 -1.0000 -1.0000 0.0000
-----MMM687ArrDer1 -0.9900 -0.9900 -0.9000 -0.9900 0.0000
-----MMM687ArrDer2 -1.0000 -1.0000 -1.0000 -1.0000 0.0000
-----MMM687ArrIzq1 3.8292 -0.9990 -0.9990 -0.9900 0.0000
-----MMM687ArrIzq2 -1.0000 -1.0000 -1.0000 -1.0000 0.0000
-----MMM688ArrDer1 -0.9900 -0.9900 -0.9900 -0.9990 0.0000
-----MMM688ArrDer2 -0.9999 -0.9990 -0.9999 -0.9990 0.0000
-----MMM688ArrIzq1 -0.9900 -0.9000 -0.9000 -0.9990 0.0000
-----MMM688ArrIzq2 -0.9900 -0.9900 -0.9990 -0.9990 0.0000
-----MMM689ArrDer1 -0.9900 -0.9000 -0.9900 -0.9000 0.0000
-----MMM689ArrDer2 -0.9900 -0.9900 -0.9990 -0.9900 0.0000
-----MMM689ArrIzq1 60.2257 -0.9990 -0.9900 -0.9900 0.0000
-----MMM689ArrIzq2 -0.9900 -0.9000 -0.9900 -0.9900 0.0000
-----MMM6910ArrIzq1 -1.0000 -1.0000 -1.0000 -1.0000 0.0000
-----MMM6911ArrIzq1 45.2242 -1.0000 -1.0000 -1.0000 0.0000
-----MMM6912ArrIzq1 -1.0000 -1.0000 -1.0000 -1.0000 0.0000
-----MMM6913ArrIzq1 -1.0000 -1.0000 -1.0000 -1.0000 0.0000
-----MMM6914ArrIzq1 -1.0000 -1.0000 1.8592 -1.0000 0.0000
-----MMM6915ArrIzq1 128.8882 27.0800 89.9916 -1.0000 0.0000
-----MMM6916ArrIzq1 55.9354 74.2866 1.2880 104.8810 0.0000
-----MMM697ArrIzq1 -1.0000 -1.0000 -1.0000 -1.0000 0.0000
-----MMM698ArrIzq1 -1.0000 -1.0000 -1.0000 -1.0000 0.0000
-----MMM699ArrIzq1 -1.0000 -1.0000 -1.0000 -1.0000 0.0000
-----MMM7410ArrIzq1 15.5111 -1.0000 -1.0000 -1.0000 0.0000
-----MMM7410ArrIzq2 -1.0000 -1.0000 -0.9999 -1.0000 0.0000
-----MMM7411ArrIzq1 -1.0000 -1.0000 -1.0000 -1.0000 0.0000
-----MMM7411ArrIzq2 -1.0000 -1.0000 -1.0000 -1.0000 0.0000
-----MMM7412ArrIzq1 -1.0000 -1.0000 -1.0000 -1.0000 0.0000
-----MMM7412ArrIzq2 -1.0000 -0.9999 -1.0000 -1.0000 0.0000
-----MMM7413ArrIzq1 -1.0000 -1.0000 -1.0000 -1.0000 0.0000
-----MMM7413ArrIzq2 -1.0000 -1.0000 -1.0000 -0.9999 0.0000
-----MMM7414ArrIzq1 -1.0000 -1.0000 -1.0000 -1.0000 0.0000
-----MMM7415ArrIzq1 -1.0000 -1.0000 -1.0000 -1.0000 0.0000
-----MMM7416ArrIzq1 -1.0000 -1.0000 -1.0000 -1.0000 0.0000
-----MMM7417ArrIzq1 -0.9000 25.5002 -0.3746 0.0000 0.0000
-----MMM7418ArrIzq1 3.1119 0.0000 -0.9000 -0.9000 0.0000
-----MMM7419ArrIzq1 0.0000 0.0000 18.0494 0.0000 0.0000
-----MMM742Arr3 -0.9000 -0.9000 -0.9000 -0.9900 0.0000
-----MMM743ArrDer3 -0.9000 -0.9000 -0.9000 -0.9000 0.0000
-----MMM743ArrIzq3 302.4257 -0.9000 -0.9000 -0.9900 0.0000
-----MMM744ArrDer3 0.0000 0.0000 -0.9000 0.0000 0.0000
-----MMM744ArrIzq2 -0.9990 -0.9900 -0.9990 -0.9990 0.0000
-----MMM744ArrIzq3 -0.9900 -0.9900 -0.9900 -0.9990 0.0000
-----MMM745ArrIzq2 -0.9999 -0.9999 -1.0000 -0.9999 0.0000
-----MMM745ArrIzq3 299.6547 38.8352 -0.9990 -0.9990 0.0000
-----MMM746ArrIzq2 27.2624 -1.0000 -0.9999 -0.9999 0.0000
-----MMM746ArrIzq3 -1.0000 43.2424 -1.0000 148.8330 0.0000
-----MMM747ArrIzq1 66.6777 -1.0000 -1.0000 -1.0000 0.0000
-----MMM747ArrIzq2 -1.0000 -0.9990 -0.9990 18.5232 0.0000
-----MMM747ArrIzq3 392.5461 339.2698 309.3233 37.3443 0.0000
-----MMM748ArrIzq1 -1.0000 -1.0000 -1.0000 63.5196 0.0000
-----MMM748ArrIzq2 -0.9999 -0.9999 -1.0000 -1.0000 0.0000
-----MMM748ArrIzq3 285.5306 29.2990 112.4360 378.5603 0.0000
-----MMM749ArrIzq1 -1.0000 -1.0000 -1.0000 -1.0000 0.0000
-----MMM749ArrIzq2 -1.0000 -1.0000 -1.0000 -1.0000 0.0000
----F---741AbaDer3 0.0000 0.0000 239.7728 0.0000 0.0000
---F----741AbaIzq2 131.0162 151.9443 247.8254 311.5226 0.0000
---F----741AbaIzq3 137.6066 194.3251 328.3612 467.1748 0.0000
---M----746AbaIzq3 -0.9999 -0.9999 -0.9999 -1.0000 0.0000
---M----748ArrIzq1 166.1633 144.2845 32.2982 118.6758 0.0000
---M----748ArrIzq2 -0.9999 -1.0000 -1.0000 -0.9999 0.0000
---M----749AbaIzq1 0.0000 0.0000 -0.9000 0.0000 0.0000
--F-----682ArrDer1 -0.9900 0.0000 -0.9000 -0.9000 0.0000
--F-----682ArrDer2 157.0662 -0.9000 -0.9000 48.6060 0.0000
--F-----742ArrDer3 -0.9000 0.0000 -0.9000 0.0000 0.0000
--M-M--M6812ArrIzq1 -1.0000 -1.0000 -1.0000 100.0908 0.0000
--M-M--M6813ArrIzq1 -1.0000 -1.0000 -1.0000 -1.0000 0.0000
--M-M--M6814ArrIzq1 -1.0000 -1.0000 -1.0000 -1.0000 0.0000
--M-M--M6815ArrIzq1 -1.0000 -1.0000 -1.0000 -1.0000 0.0000
--M-M--M6816ArrIzq1 -1.0000 -1.0000 -1.0000 -1.0000 0.0000
--M-M--M683ArrIzq2 85.8306 104.8835 -0.9000 333.5499 0.0000
--M-M--M684ArrIzq2 324.6739 157.4687 -0.9900 325.8939 0.0000
--M-M--M685ArrIzq1 0.0000 0.0000 0.0000 -0.9000 0.0000
--M-M--M685ArrIzq2 318.3733 297.4730 295.6542 176.6676 0.0000
--M-M--M686ArrIzq1 -0.9000 0.0000 0.0000 0.0000 0.0000
--M-M--M686ArrIzq2 311.0023 294.9708 288.7524 247.3265 0.0000
--M-M--M687ArrIzq2 303.7809 289.7322 281.9685 288.7453 0.0000
--M-M--M6912ArrIzq1 -1.0000 -1.0000 7.3334 63.5998 0.0000
--M-M--M6913ArrIzq1 -1.0000 2.4415 -1.0000 -1.0000 0.0000
--M-M--M6914ArrIzq1 -1.0000 -1.0000 -1.0000 46.0913 0.0000
--M-M--M6915ArrIzq1 -1.0000 -1.0000 -1.0000 4.4814 0.0000
--M-M--M6916ArrIzq1 -1.0000 -1.0000 -1.0000 -1.0000 0.0000
--M-M--M7410AbaIzq3 -1.0000 -1.0000 -1.0000 -1.0000 0.0000
--M-M--M7411AbaIzq2 -1.0000 -1.0000 -1.0000 -1.0000 0.0000
--M-M--M7412AbaIzq2 -1.0000 -1.0000 -0.9999 -0.9999 0.0000
--M-M--M7412ArrIzq1 12.7116 -0.5160 19.0766 18.8385 0.0000
--M-M--M7412ArrIzq2 -1.0000 -1.0000 -1.0000 -1.0000 0.0000
--M-M--M7413ArrIzq1 12.7351 -0.9963 -1.0000 -0.9252 0.0000
--M-M--M7413ArrIzq2 -1.0000 -0.9999 -0.9999 -1.0000 0.0000
--M-M--M7414ArrIzq1 -1.0000 -0.9999 -1.0000 -0.9997 0.0000
--M-M--M7415ArrIzq1 -0.9985 -0.9995 -0.9986 -0.9976 0.0000
--M-M--M7416ArrIzq1 -1.0000 -1.0000 -1.0000 -1.0000 0.0000
--M-M--M747AbaIzq3 -1.0000 -1.0000 -1.0000 38.1734 0.0000
--M-M--M748AbaIzq3 -1.0000 27.2216 -1.0000 -1.0000 0.0000
--M-M--M748ArrIzq3 -1.0000 26.6037 -1.0000 177.3568 0.0000
--M-M--M749AbaIzq3 -1.0000 -1.0000 -1.0000 -1.0000 0.0000
--M-MMMM6817ArrIzq1 -1.0000 -1.0000 -1.0000 -1.0000 0.0000
--M-MMMM688ArrIzq2 296.7054 289.1231 288.2792 -1.0000 0.0000
--M-MMMM6917ArrIzq1 -1.0000 22.8733 -0.3469 97.9310 0.0000
--M-MMMM7414ArrIzq1 -0.9000 -0.9000 -0.9000 -0.9000 0.0000
--M-MMMM7414ArrIzq2 -1.0000 -0.9999 -0.9999 -1.0000 0.0000
--M-MMMM7417ArrIzq1 -1.0000 -1.0000 -1.0000 -1.0000 0.0000
--M-MMMM749ArrIzq3 39.5112 270.1481 21.4670 363.2933 0.0000
-F------681Arr1 0.0000 -0.9000 0.0000 -0.9000 0.0000
-F------681Arr2 349.3821 275.0651 333.4081 -0.9000 0.0000
-F------741Arr3 0.0000 -0.9000 0.0000 -0.9000 0.0000
A 0.0000 0.0000 0.0000 0.0000 0.0000
F-------682ArrIzq1 -0.9000 165.8177 165.7511 194.0093 0.0000
F-------682ArrIzq2 313.6669 325.3820 306.1374 341.3943 0.0000
F-------692ArrIzq1 190.4380 -0.9000 89.4042 -0.9000 0.0000
F-------742ArrIzq2 272.2912 -0.9900 -0.9900 -0.9000 0.0000
F-------742ArrIzq3 311.0686 -0.9000 -0.9000 0.0000 0.0000
M-------745AbaIzq3 -0.9990 94.0598 -0.9990 -0.9990 0.0000
M-------748AbaIzq1 0.0000 0.0000 -0.9000 0.0000 0.0000
M-------748AbaIzq2 -1.0000 -1.0000 -1.0000 -1.0000 0.0000
M-------749ArrIzq1 161.8400 146.8381 0.8883 141.6825 0.0000
M--M-M--6810ArrDer1 -0.9900 -0.9000 -0.9900 -0.9900 0.0000
M--M-M--6811ArrDer1 -0.9000 -0.9000 -0.9000 -0.9000 0.0000
M--M-M--6812ArrDer1 -0.9000 -0.9000 -0.9900 -0.9900 0.0000
M--M-M--6813ArrDer1 -0.9000 -0.9000 -0.9000 0.0000 0.0000
M--M-M--6814ArrDer1 -0.9000 0.0000 0.0000 -0.9000 0.0000
M--M-M--682Arr1 -0.9000 0.0000 181.9357 0.0000 0.0000
M--M-M--682Arr2 -0.9000 -0.9000 -0.9900 -0.9000 0.0000
M--M-M--683Arr1 0.0000 -0.9000 -0.9000 -0.9000 0.0000
M--M-M--683Arr2 -0.9900 -0.9900 -0.9900 -0.9000 0.0000
M--M-M--684Arr1 -0.9900 -0.9000 -0.9000 -0.9000 0.0000
M--M-M--684Arr2 -0.9000 -0.9900 -0.9000 -0.9000 0.0000
M--M-M--685Arr1 -0.9900 -0.9900 -0.9900 -0.9000 0.0000
M--M-M--685Arr2 -0.9000 -0.9000 -0.9900 -0.9000 0.0000
M--M-M--692Arr1 158.1998 -0.9000 -0.9900 -0.9000 0.0000
M--M-M--693Arr1 121.7005 -0.9990 -0.9900 -0.9990 0.0000
M--M-M--694Arr1 -0.9990 -0.9990 -0.9990 -0.9900 0.0000
M--M-M--695Arr1 -1.0000 -1.0000 -1.0000 -1.0000 0.0000
M--M-M--7417Arr1 -1.0000 -1.0000 50.3861 -0.9990 0.0000
M--M-M--7418Arr1 -0.9000 -0.9990 -0.9900 -0.9990 0.0000
M--M-M--7419Arr1 -1.0000 -1.0000 -0.9000 -0.9990 0.0000
M--M-M--742Arr2 -0.9900 -0.9900 -0.9900 -0.9900 0.0000
M--M-M--743Arr1 -1.0000 -1.0000 122.0755 41.5914 0.0000
M--M-M--744Arr1 -1.0000 -1.0000 53.6562 -1.0000 0.0000
M--M-M--745Arr1 -1.0000 -1.0000 17.2188 -1.0000 0.0000
M--M-MMM686Arr1 -0.9900 -0.9900 -0.9900 -0.9900 0.0000
M--M-MMM686Arr2 -0.9000 0.0000 -0.9000 -0.9000 0.0000
M--M-MMM696Arr1 -1.0000 -1.0000 -1.0000 -1.0000 0.0000
M--M-MMM7420Arr1 -0.9900 -0.9900 -0.9000 -0.9900 0.0000
M--M-MMM743Arr2 -0.9900 -0.9900 -0.9990 -0.9900 0.0000
M--M-MMM746Arr1 -1.0000 -1.0000 -1.0000 -1.0000 0.0000
MF-M-M--681Arr1 198.9998 0.0000 0.0000 0.0000 0.0000
MF-M-M--681Arr2 179.1000 -0.9000 0.0000 -0.9000 0.0000
MF-M-M--691Arr1 199.0000 0.0000 113.0035 128.0520 0.0000
MF-M-M--741Arr2 179.1000 -0.9000 -0.9000 0.0000 0.0000
MM------7410ArrIzq1 -0.9900 -0.9000 22.1712 95.9593 0.0000
MM------744AbaIzq3 -0.9900 86.8530 -0.9900 -0.9900 0.0000
MM------747AbaIzq2 -1.0000 -1.0000 -1.0000 -1.0000 0.0000
MM------748ArrIzq1 141.0880 -1.0000 157.6032 101.5588 0.0000
MMM-----6810AbaIzq1 130.5928 -1.0000 -1.0000 149.3802 0.0000
MMM-----682AbaDer1 -0.9000 -0.9990 -0.9900 -0.9000 0.0000
MMM-----682AbaDer2 -0.9000 -0.9000 156.9762 -0.9000 0.0000
MMM-----682AbaIzq1 187.2383 181.6430 184.3568 194.0200 0.0000
MMM-----682AbaIzq2 -0.9000 -0.9000 -0.9900 -0.9000 0.0000
MMM-----683AbaDer1 -0.9900 -0.9900 -0.9900 -0.9900 0.0000
MMM-----683AbaDer2 -0.9990 -0.9000 -0.9900 -0.9900 0.0000
MMM-----683AbaIzq1 179.1657 179.4655 179.6696 189.1396 0.0000
MMM-----683AbaIzq2 -0.9000 -0.9000 -0.9900 -0.9900 0.0000
MMM-----684AbaDer1 -0.9000 -0.9000 -0.9900 -0.9000 0.0000
MMM-----684AbaDer2 -0.9900 -0.9900 -0.9900 -0.9990 0.0000
MMM-----684AbaIzq1 179.4890 175.0740 175.0745 184.3568 0.0000
MMM-----684AbaIzq2 -0.9900 -0.9900 -0.9900 -0.9900 0.0000
MMM-----685AbaDer1 -0.9000 -0.9000 -0.9000 -0.9000 0.0000
MMM-----685AbaIzq1 173.3155 -0.9999 169.1179 179.6697 0.0000
MMM-----686AbaDer1 -0.9000 -0.9000 -0.9000 -0.9000 0.0000
MMM-----686AbaIzq1 -1.0000 -1.0000 -1.0000 175.0240 0.0000
MMM-----687AbaDer1 0.0000 -0.9000 -0.9000 -0.9000 0.0000
MMM-----687AbaIzq1 156.0160 161.8400 151.8532 -1.0000 0.0000
MMM-----688AbaDer1 -0.9000 -0.9900 -0.9000 -0.9990 0.0000
MMM-----688AbaIzq1 152.6545 150.7043 149.3699 157.6032 0.0000
MMM-----689AbaIzq1 149.1960 143.2378 145.1994 153.4511 0.0000
MMM-----6910AbaIzq1 -1.0000 79.9430 -1.0000 -1.0000 0.0000
MMM-----692AbaIzq1 124.2945 184.2712 182.8843 194.0200 0.0000
MMM-----693AbaIzq1 -0.9999 112.6095 78.0908 189.1396 0.0000
MMM-----694AbaIzq1 168.7630 156.4153 6.6078 184.3568 0.0000
MMM-----695AbaIzq1 60.1885 47.8919 170.5434 179.6697 0.0000
MMM-----696AbaIzq1 43.5239 139.0363 37.3941 175.0763 0.0000
MMM-----697AbaIzq1 45.2472 -1.0000 -1.0000 170.5702 0.0000
MMM-----698AbaIzq1 -1.0000 -1.0000 -1.0000 165.9967 0.0000
MMM-----699AbaIzq1 -1.0000 104.6289 -1.0000 -1.0000 0.0000
MMM-----7410AbaIzq1 -1.0000 -1.0000 15.1373 22.3805 0.0000
MMM-----7410AbaIzq2 -0.9990 -0.9990 -0.9990 -0.9990 0.0000
MMM-----7410AbaIzq3 -1.0000 -1.0000 -1.0000 -1.0000 0.0000
MMM-----7411AbaIzq1 -0.9900 -0.9000 -0.9900 -0.9000 0.0000
MMM-----7411ArrIzq1 -0.9000 59.5731 -0.9000 -0.9900 0.0000
MMM-----7412AbaIzq1 -0.9000 -0.9900 -0.9900 -0.9900 0.0000
MMM-----7412ArrIzq1 -0.9900 0.0000 10.8122 -0.9900 0.0000
MMM-----7413AbaIzq1 -0.9900 -0.9000 -0.9000 -0.9900 0.0000
MMM-----7413ArrIzq1 0.0000 3.6155 0.0000 -0.9900 0.0000
MMM-----7414ArrIzq1 -0.9000 -0.9900 -0.9000 -0.9900 0.0000
MMM-----7415ArrIzq1 -0.9900 -1.0000 -0.9900 -0.9000 0.0000
MMM-----742Aba3 -0.9900 -0.9000 -0.9900 -0.9000 0.0000
MMM-----743AbaDer3 -0.9000 -0.9000 -0.9000 -0.9000 0.0000
MMM-----743AbaIzq2 70.0366 175.6504 90.5208 -0.9000 0.0000
MMM-----743AbaIzq3 -0.9900 131.9648 -0.9990 -0.9900 0.0000
MMM-----743ArrIzq1 -1.0000 11.9941 -1.0000 -0.6948 0.0000
MMM-----744AbaIzq2 -0.9990 67.5556 90.5970 93.1122 0.0000
MMM-----744ArrIzq1 -1.0000 -1.0000 -0.6458 -1.0000 0.0000
MMM-----745AbaIzq2 -1.0000 205.5195 -1.0000 -1.0000 0.0000
MMM-----745ArrIzq1 -1.0000 79.3652 -1.0000 -1.0000 0.0000
MMM-----746AbaIzq2 -1.0000 67.5992 -1.0000 -1.0000 0.0000
MMM-----746ArrIzq1 -1.0000 55.3329 -1.0000 -1.0000 0.0000
MMM-----747ArrIzq1 42.0325 134.9985 -1.0000 -1.0000 0.0000
MMM-----748AbaIzq1 29.5304 6.5631 8.4882 71.0079 0.0000
MMM-----748AbaIzq2 -0.9999 -1.0000 -0.9999 -0.9999 0.0000
MMM-----748AbaIzq3 -0.9999 -0.9999 -0.9999 -0.9999 0.0000
MMM-----749AbaIzq1 8.4542 3.5250 -1.0000 29.1877 0.0000
MMM-----749AbaIzq2 -0.9999 -1.0000 -0.9999 -0.9999 0.0000
MMM-----749AbaIzq3 -1.0000 -1.0000 -1.0000 -1.0000 0.0000
MMM--F--742AbaIzq2 -0.9900 285.2828 0.0000 -0.9000 0.0000
MMM--M--7410AbaIzq1 -0.9900 -0.9000 -0.9000 -0.9900 0.0000
MMM--M--747AbaIzq1 18.5540 -1.0000 18.4043 170.5748 0.0000
MMM--M--747AbaIzq2 -0.9990 -0.9999 -0.9990 -0.9990 0.0000
MMM--M--747AbaIzq3 -1.0000 -0.9999 -0.9999 -0.9999 0.0000
MMM--MM-746AbaIzq1 158.2637 155.1299 35.7885 175.0763 0.0000
MMM--MM-746AbaIzq2 -0.9000 -0.9900 -0.9900 -0.9900 0.0000
MMM--MM-746AbaIzq3 -0.9999 -0.9990 -0.9999 -0.9990 0.0000
MMM--MM-749AbaIzq1 -0.9900 -0.9990 -0.9990 -0.9900 0.0000
MMM--MMM7413AbaIzq1 0.0000 0.0000 0.0000 0.0000 0.0000
MMM--MMM7416AbaIzq1 -0.9000 0.0000 0.0000 0.0000 0.0000
MMM--MMM742AbaIzq1 101.7861 115.2029 184.0939 194.0200 0.0000
MMM--MMM742AbaIzq2 -0.9900 -0.9900 -0.9000 -0.9900 0.0000
MMM--MMM742AbaIzq3 -0.9000 -0.9000 -0.9900 -0.9000 0.0000
MMM--MMM743AbaIzq1 92.7880 111.8215 169.3437 189.1396 0.0000
MMM--MMM743AbaIzq2 0.0000 0.0000 0.0000 -0.9900 0.0000
MMM--MMM743AbaIzq3 -0.9900 -0.9900 -0.9900 -0.9900 0.0000
MMM--MMM744AbaIzq1 150.3197 119.5314 163.3013 184.3568 0.0000
MMM--MMM744AbaIzq2 0.0000 -0.9900 -0.9000 -0.9000 0.0000
MMM--MMM744AbaIzq3 -0.9000 -0.9000 -0.9900 -0.9900 0.0000
MMM--MMM745AbaIzq1 102.2046 171.3375 155.0460 179.6697 0.0000
MMM--MMM745AbaIzq2 0.0000 -0.9000 -0.9000 -0.9900 0.0000
MMM--MMM745AbaIzq3 -0.9990 -0.9990 -0.9990 -0.9900 0.0000
MMM--MMM746AbaIzq1 -0.9990 -0.9990 -0.9999 -0.9999 0.0000
MMM--MMM747AbaIzq1 -0.9990 -0.9999 -0.9990 -0.9990 0.0000
MMM--MMM748AbaIzq1 -0.9900 -0.9900 -0.9990 -0.9900 0.0000
MMM-F---681AbaDer1 -0.9900 -0.9000 179.1000 -0.9900 0.0000
MMM-F---681AbaDer2 0.0000 0.0000 332.3538 -0.9000 0.0000
MMM-M--M6811AbaIzq1 -1.0000 -1.0000 -1.0000 130.7388 0.0000
MMM-M--M682AbaIzq2 -0.9000 0.0000 -0.9000 175.6971 0.0000
MMM-M--M6911AbaIzq1 -1.0000 -1.0000 -1.0000 -1.0000 0.0000
MMM-M--M7411AbaIzq1 -1.0000 14.9685 -1.0000 16.9131 0.0000
MMM-M--M7411AbaIzq2 -0.9990 -0.9990 -0.9990 -0.9990 0.0000
MMM-M--M7411AbaIzq3 -1.0000 -1.0000 -1.0000 -1.0000 0.0000
MMM-M--M7414AbaIzq1 -0.9000 0.0000 0.0000 -0.9000 0.0000
MMMF----681AbaIzq1 193.8258 170.1466 189.1394 199.0000 0.0000
MMMF----681AbaIzq2 -0.9900 332.8702 -0.9000 0.0000 0.0000
MMMF----691AbaIzq1 158.2000 124.2894 189.0729 199.0000 0.0000
MMMF-MMM741AbaIzq1 191.2301 156.3018 182.4380 199.0000 0.0000
MMMF-MMM741AbaIzq2 0.0000 0.0000 -0.9000 179.1000 0.0000
MMMF-MMM741AbaIzq3 -0.9000 -0.9000 -0.9000 0.0000 0.0000
MMMM-M--689AbaDer1 -0.9990 -0.9990 -0.9990 -0.9900 0.0000
MMMM-M--7416Arr1 -0.9000 -0.9900 -0.9000 -0.9999 0.0000
MMMM-M--742Arr1 -1.0000 78.1920 -1.0000 -1.0000 0.0000
MMMM-MF-741Aba2 0.0000 179.1000 0.0000 -0.9000 0.0000
MMMM-MMM7417Aba1 0.0000 0.0000 0.0000 0.0000 0.0000
MMMM-MMM743Aba1 -1.0000 -1.0000 -1.0000 -1.0000 0.0000
