--------6810ArrDer1 -1.0000 -1.0000 -1.0000 -1.0000 0.0000
--------6810ArrIzq1 149.3061 -1.0000 -1.0000 -1.0000 0.0000
--------6811ArrDer1 -0.9999 -0.9999 -0.9999 -0.9999 0.0000
--------6811ArrIzq1 140.6943 -1.0000 -1.0000 -1.0000 0.0000
--------6812ArrDer1 -0.9900 -0.9900 -0.9990 -0.9900 0.0000
--------6812ArrIzq1 -1.0000 -1.0000 -1.0000 -1.0000 0.0000
--------6813ArrDer1 0.0000 0.0000 -0.9000 0.0000 0.0000
--------6813ArrIzq1 -1.0000 -1.0000 -1.0000 -1.0000 0.0000
--------6814ArrIzq1 -1.0000 -1.0000 -1.0000 -1.0000 0.0000
--------6815ArrIzq1 -1.0000 -1.0000 -1.0000 -1.0000 0.0000
--------682Arr1 -0.9000 -0.9000 0.0000 -0.9000 0.0000
--------682Arr2 -0.9000 -0.9900 325.8456 -0.9000 0.0000
--------683Arr1 -0.9000 -0.9000 -0.9000 0.0000 0.0000
--------683Arr2 -0.9990 -0.9900 83.6705 -0.9990 0.0000
--------683ArrDer1 -0.9990 -0.9900 -0.9900 -0.9990 0.0000
--------683ArrDer2 -0.9900 -0.9900 46.9949 -0.9900 0.0000
--------683ArrIzq1 189.1305 153.6853 -0.9900 158.2659 0.0000
--------683ArrIzq2 333.5659 269.9759 316.2454 316.0511 0.0000
--------684Arr1 -0.9000 -0.9900 -0.9000 -0.9000 0.0000
--------684Arr2 -1.0000 -0.9999 -0.9999 -0.9999 0.0000
--------684ArrDer1 -0.9999 -0.9999 -0.9999 -0.9990 0.0000
--------684ArrDer2 -1.0000 -1.0000 -1.0000 -1.0000 0.0000
--------684ArrIzq1 184.3567 152.3993 -1.0000 -1.0000 0.0000
--------684ArrIzq2 184.2329 -1.0000 310.9701 -1.0000 0.0000
--------685Arr1 0.0000 0.0000 -0.9000 -0.9000 0.0000
--------685Arr2 -1.0000 -1.0000 -1.0000 -1.0000 0.0000
--------685ArrDer1 -1.0000 -1.0000 -1.0000 -1.0000 0.0000
--------685ArrDer2 -1.0000 -1.0000 -1.0000 -1.0000 0.0000
--------685ArrIzq1 179.6688 153.9832 -1.0000 160.6849 0.0000
--------685ArrIzq2 299.3076 -1.0000 -1.0000 -1.0000 0.0000
--------686ArrDer1 -1.0000 -1.0000 -1.0000 -1.0000 0.0000
--------686ArrDer2 -1.0000 -1.0000 -1.0000 -1.0000 0.0000
--------686ArrIzq1 175.0763 164.4249 165.9961 175.0544 0.0000
--------686ArrIzq2 -1.0000 -1.0000 296.6746 -1.0000 0.0000
--------687ArrDer1 -1.0000 -1.0000 -1.0000 -1.0000 0.0000
--------687ArrDer2 -1.0000 -1.0000 -1.0000 -1.0000 0.0000
--------687ArrIzq1 167.7677 161.3058 161.8003 170.5748 0.0000
--------687ArrIzq2 -0.9999 -0.9999 -1.0000 -1.0000 0.0000
--------688ArrDer1 -1.0000 -1.0000 -1.0000 -1.0000 0.0000
--------688ArrDer2 -1.0000 -1.0000 -1.0000 -1.0000 0.0000
--------688ArrIzq1 -1.0000 140.7300 143.0872 166.1633 0.0000
--------688ArrIzq2 -0.9999 -0.9990 -0.9999 -0.9990 0.0000
--------689ArrDer1 -1.0000 -1.0000 -1.0000 -1.0000 0.0000
--------689ArrDer2 -0.9990 -0.9900 -0.9990 -0.9990 0.0000
--------689ArrIzq1 154.2061 -1.0000 63.8084 -1.0000 0.0000
--------689ArrIzq2 -0.9990 -0.9990 -0.9900 -0.9990 0.0000
--------6910ArrIzq1 48.5694 35.9808 126.1331 149.0010 0.0000
--------6911ArrIzq1 47.9913 31.5937 31.9469 136.7167 0.0000
--------6912ArrIzq1 117.8618 9.4531 2.6494 105.3013 0.0000
--------6913ArrIzq1 114.9232 10.1565 26.6516 8.0632 0.0000
--------6914ArrIzq1 15.3250 25.2952 101.7022 121.7918 0.0000
--------6915ArrIzq1 129.2327 46.1775 -1.0000 -1.0000 0.0000
--------693ArrIzq1 189.1377 -1.0000 126.3846 151.1884 0.0000
--------694ArrIzq1 5.5662 49.2401 -1.0000 146.8909 0.0000
--------695ArrIzq1 178.9106 42.4712 -1.0000 70.5874 0.0000
--------696ArrIzq1 175.0756 37.7521 153.2601 0.0076 0.0000
--------697ArrIzq1 -0.8657 -0.9488 26.0677 170.5659 0.0000
--------698ArrIzq1 165.5078 36.8245 137.5478 114.0436 0.0000
--------699ArrIzq1 159.8789 103.3063 37.0597 0.7844 0.0000
--------7410AbaIzq1 -0.9000 -0.9900 -0.9000 -0.9000 0.0000
--------7410AbaIzq2 -1.0000 -1.0000 -1.0000 -1.0000 0.0000
--------7410ArrIzq1 129.1456 -1.0000 114.6482 149.2719 0.0000
--------7410ArrIzq2 -1.0000 -1.0000 -1.0000 -1.0000 0.0000
--------7411AbaIzq1 -0.9900 -0.9000 0.0000 0.0000 0.0000
--------7411AbaIzq2 -0.9999 -0.9999 -1.0000 -0.9999 0.0000
--------7411ArrIzq1 150.7277 -1.0000 -1.0000 -1.0000 0.0000
--------7411ArrIzq2 -1.0000 -1.0000 -1.0000 -1.0000 0.0000
--------7412AbaIzq1 -0.9000 0.0000 0.0000 0.0000 0.0000
--------7412ArrIzq1 -1.0000 -1.0000 109.3820 -1.0000 0.0000
--------7412ArrIzq2 -0.9999 -1.0000 -1.0000 -1.0000 0.0000
--------7413ArrIzq1 130.5487 -1.0000 -1.0000 -1.0000 0.0000
--------7414ArrIzq1 1.6937 -1.0000 51.8115 -0.4144 0.0000
--------7415ArrIzq1 118.5149 -1.0000 113.3845 -1.0000 0.0000
--------7416ArrIzq1 -0.9990 3.3671 -0.9939 -1.0000 0.0000
--------7417ArrIzq1 2.7880 2.3692 4.5124 -0.9999 0.0000
--------7418ArrIzq1 -0.9990 -0.9000 0.0000 -0.9990 0.0000
--------742AbaIzq2 83.2279 172.6906 244.7452 277.5424 0.0000
--------742AbaIzq3 285.7507 211.1559 407.0507 449.2084 0.0000
--------743AbaIzq2 83.4790 55.7353 234.3735 240.0874 0.0000
--------743AbaIzq3 218.4691 192.0242 192.6884 428.7300 0.0000
--------743ArrIzq2 180.3984 -1.0000 -1.0000 -1.0000 0.0000
--------743ArrIzq3 286.1498 -0.9990 92.4577 -0.9900 0.0000
--------744AbaIzq2 127.5429 59.1983 46.9167 242.2805 0.0000
--------744AbaIzq3 77.7636 309.6815 48.4203 408.3501 0.0000
--------744ArrIzq1 9.5788 130.3675 36.9648 2.3639 0.0000
--------744ArrIzq2 -1.0000 -1.0000 197.7114 -1.0000 0.0000
--------744ArrIzq3 395.1100 48.7401 64.3313 61.4816 0.0000
--------745AbaIzq2 -1.0000 41.7579 -1.0000 229.8325 0.0000
--------745AbaIzq3 40.6132 47.5355 42.8453 216.3670 0.0000
--------745ArrIzq1 -1.0000 -1.0000 134.9853 0.7343 0.0000
--------745ArrIzq2 279.3034 40.7467 68.1567 36.9323 0.0000
--------745ArrIzq3 405.8326 68.0732 372.3458 107.2104 0.0000
--------746AbaIzq2 -1.0000 -1.0000 -1.0000 -1.0000 0.0000
--------746AbaIzq3 39.5546 38.7315 46.9901 43.8738 0.0000
--------746ArrIzq1 -0.5676 127.8308 136.2040 121.3258 0.0000
--------746ArrIzq2 21.8249 -1.0000 21.9052 121.7731 0.0000
--------746ArrIzq3 138.7151 353.4112 54.6759 402.5394 0.0000
--------747AbaIzq2 -1.0000 8.4407 -1.0000 -1.0000 0.0000
--------747AbaIzq3 -1.0000 -1.0000 -1.0000 52.1949 0.0000
--------747ArrIzq1 1.5572 130.5735 139.7084 55.1173 0.0000
--------747ArrIzq2 -1.0000 -1.0000 7.5410 65.5797 0.0000
--------747ArrIzq3 39.8419 29.4934 26.9866 337.4989 0.0000
--------748AbaIzq1 0.0000 -0.9000 0.0000 0.0000 0.0000
--------748AbaIzq2 -1.0000 -1.0000 -1.0000 -1.0000 0.0000
--------748AbaIzq3 -1.0000 -1.0000 -1.0000 -1.0000 0.0000
--------748ArrIzq1 48.6673 0.7585 129.4932 3.1114 0.0000
--------748ArrIzq2 6.4733 -1.0000 -1.0000 16.7696 0.0000
--------749AbaIzq1 -0.9000 -0.9000 -0.9000 -0.9000 0.0000
--------749AbaIzq2 -1.0000 -1.0000 -1.0000 -1.0000 0.0000
--------749AbaIzq3 -1.0000 -1.0000 -1.0000 -1.0000 0.0000
--------749ArrIzq1 151.3542 123.0049 -1.0000 119.0573 0.0000
--------749ArrIzq2 -1.0000 -1.0000 -1.0000 -1.0000 0.0000
--------8110AbaIzq1 -0.9999 -0.9999 -0.9999 -0.9990 0.0000
--------8110AbaIzq12 -0.9900 -0.9900 -0.9000 -0.9000 0.0000
--------8110AbaIzq2 -0.9999 -0.9998 -0.9990 -0.9990 0.0000
--------8110ArrIzq1 4.2766 -1.0000 -1.0000 -1.0000 0.0000
--------8110ArrIzq11 -0.9999 -1.0000 -1.0000 -0.9999 0.0000
--------8110ArrIzq12 -1.0000 -1.0000 -1.0000 -1.0000 0.0000
--------8110ArrIzq2 -0.9999 -0.9990 -0.9985 -0.9900 0.0000
--------8110ArrIzq21 -0.9775 -0.9775 -0.9775 -0.9775 0.0000
--------8110ArrIzq22 237.4867 -0.1669 18.9996 87.4248 0.0000
--------8110ArrIzq32 -0.9990 -0.9991 -0.9998 -0.9990 0.0000
--------8111ArrIzq1 -1.0000 -1.0000 -1.0000 2.4598 0.0000
--------8111ArrIzq11 -0.9995 -0.9995 -0.9999 -0.9966 0.0000
--------8111ArrIzq12 -1.0000 -1.0000 -1.0000 -1.0000 0.0000
--------8111ArrIzq2 -0.9998 -0.9998 -1.0000 -0.9985 0.0000
--------8111ArrIzq21 -0.9775 -0.9775 -0.9775 -0.9775 0.0000
--------8111ArrIzq22 171.5845 -1.0000 -1.0000 2.4494 0.0000
--------8111ArrIzq32 -0.9900 -0.9607 126.8542 -0.9895 0.0000
--------8112ArrIzq1 -1.0000 -1.0000 -1.0000 -1.0000 0.0000
--------8112ArrIzq11 -0.9995 -0.9995 -0.9999 -0.9999 0.0000
--------8112ArrIzq12 -1.0000 -1.0000 -1.0000 -1.0000 0.0000
--------8112ArrIzq21 -0.9775 -0.9775 -0.9775 -0.9775 0.0000
--------8112ArrIzq22 -1.0000 -1.0000 -1.0000 -1.0000 0.0000
--------8112ArrIzq32 121.2410 133.6958 439.5291 -0.9900 0.0000
--------8113ArrIzq1 -1.0000 -1.0000 -1.0000 -1.0000 0.0000
--------8113ArrIzq11 -0.9999 -0.9995 -0.9995 -0.9995 0.0000
--------8113ArrIzq12 -1.0000 -1.0000 -1.0000 -1.0000 0.0000
--------8113ArrIzq21 -0.9775 -0.8500 -0.9775 -0.8500 0.0000
--------8114ArrIzq1 -1.0000 -1.0000 -1.0000 -1.0000 0.0000
--------8114ArrIzq11 -0.9966 -0.9966 -0.9966 -0.9995 0.0000
--------8114ArrIzq12 -1.0000 -1.0000 -1.0000 -1.0000 0.0000
--------8115ArrIzq1 -1.0000 -1.0000 -1.0000 -1.0000 0.0000
--------8115ArrIzq11 -0.9775 -0.9775 -0.8500 -0.9775 0.0000
--------8115ArrIzq12 -1.0000 -1.0000 -1.0000 -1.0000 0.0000
--------814AbaIzq1 -0.9900 -0.9000 -0.9000 -0.9000 0.0000
--------814AbaIzq2 -0.9999 -1.0000 -1.0000 173.7373 0.0000
--------815AbaIzq1 -0.9990 -0.9990 -0.9990 -0.9990 0.0000
--------815AbaIzq2 277.1457 -1.0000 -1.0000 -1.0000 0.0000
--------815AbaIzq21 -0.9775 -0.9000 -0.9775 -0.9966 0.0000
--------815AbaIzq22 416.4652 316.8825 357.8678 369.6140 0.0000
--------815AbaIzq32 -0.9000 0.0000 0.0000 0.0000 0.0000
--------815ArrIzq1 -0.9900 -0.9000 -0.9900 -0.9000 0.0000
--------815ArrIzq12 0.0000 -0.9000 0.0000 -0.9000 0.0000
--------815ArrIzq2 -0.9999 -0.9999 -1.0000 63.5931 0.0000
--------815ArrIzq22 -1.0000 146.2905 355.2355 191.5424 0.0000
--------815ArrIzq32 -0.9000 -0.9000 0.0000 -0.9000 0.0000
--------816AbaDer32 -0.9000 -0.9000 -0.9000 -0.9000 0.0000
--------816AbaIzq1 -0.9999 -0.9990 -0.9990 -0.9999 0.0000
--------816AbaIzq12 -0.9000 0.0000 -0.9000 0.0000 0.0000
--------816AbaIzq2 -1.0000 -1.0000 -1.0000 -1.0000 0.0000
--------816AbaIzq21 -0.8500 -0.9000 -0.8500 -0.9775 0.0000
--------816AbaIzq22 80.8708 352.3896 354.7214 401.6153 0.0000
--------816AbaIzq32 -0.9000 -0.9000 -0.9000 -0.9000 0.0000
--------816ArrIzq1 -0.9000 -0.9000 -0.9000 -0.9990 0.0000
--------816ArrIzq12 -0.9000 -0.9000 -0.9000 -0.9000 0.0000
--------816ArrIzq2 -1.0000 -1.0000 -1.0000 -1.0000 0.0000
--------816ArrIzq21 -0.9000 -0.9000 -0.9000 -0.9850 0.0000
--------816ArrIzq22 374.3019 98.8850 57.9639 225.3316 0.0000
--------816ArrIzq32 -0.9900 -0.9900 -0.9000 -0.9900 0.0000
--------817AbaIzq1 -0.9990 -0.9990 -0.9990 -0.9999 0.0000
--------817AbaIzq12 -0.9900 -0.9000 0.0000 -0.9000 0.0000
--------817AbaIzq2 -1.0000 -1.0000 -1.0000 -1.0000 0.0000
--------817AbaIzq21 -0.9775 -0.9850 -0.9000 -0.9850 0.0000
--------817AbaIzq22 12.2232 355.2634 51.5442 386.0917 0.0000
--------817AbaIzq32 0.0000 -0.9000 -0.9000 -0.9000 0.0000
--------817ArrIzq1 121.3467 118.4856 125.8017 120.7154 0.0000
--------817ArrIzq11 -0.8500 -0.9966 -0.9775 -0.9775 0.0000
--------817ArrIzq12 109.5461 -1.0000 -0.9998 -1.0000 0.0000
--------817ArrIzq2 -1.0000 -1.0000 -1.0000 -1.0000 0.0000
--------817ArrIzq21 -0.9978 -0.9978 -0.9900 -0.9978 0.0000
--------817ArrIzq22 372.2559 44.2445 96.3355 122.6751 0.0000
--------817ArrIzq32 -0.9990 -0.9990 -0.9999 -0.9990 0.0000
--------818AbaIzq1 -1.0000 -1.0000 -1.0000 -1.0000 0.0000
--------818AbaIzq12 -0.9990 -0.9990 -0.9990 -0.9900 0.0000
--------818AbaIzq2 -1.0000 -1.0000 -1.0000 -1.0000 0.0000
--------818AbaIzq21 -0.9775 -0.9966 -0.9000 -0.9000 0.0000
--------818AbaIzq22 193.5971 228.6036 296.6278 372.5084 0.0000
--------818ArrIzq1 123.4857 109.7506 89.3380 126.3031 0.0000
--------818ArrIzq11 -0.9999 -0.9999 -1.0000 -0.9999 0.0000
--------818ArrIzq12 77.4046 -1.0000 -1.0000 -0.9994 0.0000
--------818ArrIzq2 -1.0000 -1.0000 -1.0000 -1.0000 0.0000
--------818ArrIzq21 -0.9900 -0.9850 -0.9978 -0.9978 0.0000
--------818ArrIzq22 43.2962 -1.0000 29.9744 286.8278 0.0000
--------818ArrIzq32 -0.9900 -0.9900 -0.9900 -0.9900 0.0000
--------819AbaIzq1 -1.0000 -1.0000 -1.0000 -1.0000 0.0000
--------819AbaIzq12 -0.9990 -0.9999 -0.9990 -0.9990 0.0000
--------819AbaIzq2 -1.0000 -1.0000 -1.0000 -1.0000 0.0000
--------819AbaIzq22 255.2686 -1.0000 -1.0000 241.6572 0.0000
--------819ArrIzq1 17.4562 -1.0000 -1.0000 138.5301 0.0000
--------819ArrIzq11 -0.9999 -1.0000 -1.0000 -1.0000 0.0000
--------819ArrIzq12 93.1184 -1.0000 -1.0000 -0.8955 0.0000
--------819ArrIzq2 -0.9998 -0.9990 -0.9990 -0.9990 0.0000
--------819ArrIzq21 -0.9775 -0.9775 -0.9775 -0.9850 0.0000
--------819ArrIzq22 47.2452 -1.0000 -1.0000 127.4899 0.0000
--------819ArrIzq32 -0.9900 -0.9900 -0.9918 -0.9900 0.0000
-------F742AbaDer3 -0.9000 158.0558 0.0000 0.0000 0.0000
-------M8111AbaIzq1 -0.9990 -0.9990 -0.9900 -0.9900 0.0000
-------M8111AbaIzq12 0.0000 -0.9000 0.0000 -0.9900 0.0000
-------M818AbaIzq32 -0.9000 -0.9000 0.0000 -0.9000 0.0000
-------M819ArrIzq1 -1.0000 -1.0000 -1.0000 -0.2625 0.0000
-------M819ArrIzq11 0.0000 -0.8500 0.0000 -0.8500 0.0000
-------M819ArrIzq12 -0.9900 -0.9900 -0.9900 -0.9900 0.0000
-------M819ArrIzq2 -0.9999 -0.9990 -0.9990 -0.9990 0.0000
-------M819ArrIzq22 -1.0000 -1.0000 -1.0000 -1.0000 0.0000
------F-741Aba3 -0.9000 0.0000 -0.9000 95.5212 0.0000
------MM8110ArrIzq1 -1.0000 -1.0000 -1.0000 -1.0000 0.0000
------MM8110ArrIzq12 -0.9900 -0.9000 -0.9000 -0.9900 0.0000
------MM8110ArrIzq2 -0.9999 -0.9990 -0.9990 -0.9990 0.0000
------MM8110ArrIzq22 -1.0000 -1.0000 -1.0000 -1.0000 0.0000
------MM8112AbaIzq1 -0.9000 -0.9900 -0.9900 -0.9900 0.0000
------MM819AbaIzq32 0.0000 0.0000 0.0000 -0.9000 0.0000
-----F--742AbaIzq3 83.1782 327.6675 108.8032 47.7076 0.0000
-----MMM6810ArrDer1 0.0000 0.0000 -0.9000 -0.9000 0.0000
-----MMM6810ArrDer2 -0.9900 -0.9900 -0.9900 -0.9900 0.0000
-----MMM6810ArrIzq1 -0.9990 -0.9900 -0.9900 -0.9990 0.0000
-----MMM6810ArrIzq2 -0.9990 -0.9990 -0.9900 -0.9900 0.0000
-----MMM6811ArrDer1 -0.9000 -0.9000 -0.9000 0.0000 0.0000
-----MMM6811ArrIzq1 -0.9999 -0.9999 -0.9999 -0.9999 0.0000
-----MMM6812ArrDer1 -0.9000 0.0000 0.0000 0.0000 0.0000
-----MMM6812ArrIzq1 -1.0000 -1.0000 -1.0000 -1.0000 0.0000
-----MMM6813ArrDer1 -0.9000 0.0000 -0.9000 0.0000 0.0000
-----MMM6813ArrIzq1 -1.0000 -1.0000 -1.0000 -1.0000 0.0000
-----MMM6814ArrIzq1 -1.0000 -1.0000 -1.0000 -1.0000 0.0000
-----MMM6815ArrIzq1 -1.0000 -1.0000 -1.0000 -1.0000 0.0000
-----MMM6816ArrIzq1 -1.0000 -1.0000 -1.0000 -1.0000 0.0000
-----MMM686Arr1 0.0000 0.0000 0.0000 -0.9000 0.0000
-----MMM686Arr2 -1.0000 -1.0000 -1.0000 -1.0000 0.0000
-----MMM687ArrDer1 -0.9900 -0.9900 -0.9000 -0.9900 0.0000
-----MMM687ArrDer2 -1.0000 -1.0000 -1.0000 -1.0000 0.0000
-----MMM687ArrIzq1 3.8292 -0.9990 -0.9990 -0.9900 0.0000
-----MMM687ArrIzq2 -1.0000 -1.0000 -1.0000 -1.0000 0.0000
-----MMM688ArrDer1 -0.9900 -0.9900 -0.9900 -0.9990 0.0000
-----MMM688ArrDer2 -0.9999 -0.9990 -0.9999 -0.9990 0.0000
-----MMM688ArrIzq1 -0.9900 -0.9000 -0.9000 -0.9990 0.0000
-----MMM688ArrIzq2 -0.9900 -0.9900 -0.9990 -0.9990 0.0000
-----MMM689ArrDer1 -0.9900 -0.9000 -0.9900 -0.9000 0.0000
-----MMM689ArrDer2 -0.9900 -0.9900 -0.9990 -0.9900 0.0000
-----MMM689ArrIzq1 60.2257 -0.9990 -0.9900 -0.9900 0.0000
-----MMM689ArrIzq2 -0.9900 -0.9000 -0.9900 -0.9900 0.0000
-----MMM6910ArrIzq1 -1.0000 -1.0000 -1.0000 -1.0000 0.0000
-----MMM6911ArrIzq1 45.2242 -1.0000 -1.0000 -1.0000 0.0000
-----MMM6912ArrIzq1 -1.0000 -1.0000 -1.0000 -1.0000 0.0000
-----MMM6913ArrIzq1 -1.0000 -1.0000 -1.0000 -1.0000 0.0000
-----MMM6914ArrIzq1 -1.0000 -1.0000 1.8592 -1.0000 0.0000
-----MMM6915ArrIzq1 128.8882 27.0800 89.9916 -1.0000 0.0000
-----MMM6916ArrIzq1 55.9354 74.2866 1.2880 104.8810 0.0000
-----MMM697ArrIzq1 -1.0000 -1.0000 -1.0000 -1.0000 0.0000
-----MMM698ArrIzq1 -1.0000 -1.0000 -1.0000 -1.0000 0.0000
-----MMM699ArrIzq1 -1.0000 -1.0000 -1.0000 -1.0000 0.0000
-----MMM7410ArrIzq1 15.5111 -1.0000 -1.0000 -1.0000 0.0000
-----MMM7410ArrIzq2 -1.0000 -1.0000 -0.9999 -1.0000 0.0000
-----MMM7411ArrIzq1 -1.0000 -1.0000 -1.0000 -1.0000 0.0000
-----MMM7411ArrIzq2 -1.0000 -1.0000 -1.0000 -1.0000 0.0000
-----MMM7412ArrIzq1 -1.0000 -1.0000 -1.0000 -1.0000 0.0000
-----MMM7412ArrIzq2 -1.0000 -0.9999 -1.0000 -1.0000 0.0000
-----MMM7413ArrIzq1 -1.0000 -1.0000 -1.0000 -1.0000 0.0000
-----MMM7413ArrIzq2 -1.0000 -1.0000 -1.0000 -0.9999 0.0000
-----MMM7414ArrIzq1 -1.0000 -1.0000 -1.0000 -1.0000 0.0000
-----MMM7415ArrIzq1 -1.0000 -1.0000 -1.0000 -1.0000 0.0000
-----MMM7416ArrIzq1 -1.0000 -1.0000 -1.0000 -1.0000 0.0000
-----MMM7417ArrIzq1 -0.9000 25.5002 -0.3746 0.0000 0.0000
-----MMM7418ArrIzq1 3.1119 0.0000 -0.9000 -0.9000 0.0000
-----MMM7419ArrIzq1 0.0000 0.0000 18.0494 0.0000 0.0000
-----MMM742Arr3 -0.9000 -0.9000 -0.9000 -0.9900 0.0000
-----MMM743ArrDer3 -0.9000 -0.9000 -0.9000 -0.9000 0.0000
-----MMM743ArrIzq3 302.4257 -0.9000 -0.9000 -0.9900 0.0000
-----MMM744ArrDer3 0.0000 0.0000 -0.9000 0.0000 0.0000
-----MMM744ArrIzq2 -0.9990 -0.9900 -0.9990 -0.9990 0.0000
-----MMM744ArrIzq3 -0.9900 -0.9900 -0.9900 -0.9990 0.0000
-----MMM745ArrIzq2 -0.9999 -0.9999 -1.0000 -0.9999 0.0000
-----MMM745ArrIzq3 299.6547 38.8352 -0.9990 -0.9990 0.0000
-----MMM746ArrIzq2 27.2624 -1.0000 -0.9999 -0.9999 0.0000
-----MMM746ArrIzq3 -1.0000 43.2424 -1.0000 148.8330 0.0000
-----MMM747ArrIzq1 66.6777 -1.0000 -1.0000 -1.0000 0.0000
-----MMM747ArrIzq2 -1.0000 -0.9990 -0.9990 18.5232 0.0000
-----MMM747ArrIzq3 392.5461 339.2698 309.3233 37.3443 0.0000
-----MMM748ArrIzq1 -1.0000 -1.0000 -1.0000 63.5196 0.0000
-----MMM748ArrIzq2 -0.9999 -0.9999 -1.0000 -1.0000 0.0000
-----MMM748ArrIzq3 285.5306 29.2990 112.4360 378.5603 0.0000
-----MMM749ArrIzq1 -1.0000 -1.0000 -1.0000 -1.0000 0.0000
-----MMM749ArrIzq2 -1.0000 -1.0000 -1.0000 -1.0000 0.0000
-----MMM8110AbaIzq32 0.0000 0.0000 0.0000 -0.9000 0.0000
-----MMM8110ArrIzq1 -1.0000 -1.0000 -1.0000 -1.0000 0.0000
-----MMM8110ArrIzq11 -0.8500 0.0000 -0.9966 -0.8500 0.0000
-----MMM8110ArrIzq12 -0.9999 -0.9999 -0.9990 -0.9999 0.0000
-----MMM8110ArrIzq2 -0.9990 -0.9000 -0.9900 -0.9900 0.0000
-----MMM8110ArrIzq21 0.0000 0.0000 -0.8500 0.0000 0.0000
-----MMM8110ArrIzq22 2.2014 -1.0000 -1.0000 -1.0000 0.0000
-----MMM8110ArrIzq32 -0.9000 -0.9000 -0.9196 -0.9900 0.0000
-----MMM8111ArrIzq1 -1.0000 -1.0000 -1.0000 -1.0000 0.0000
-----MMM8111ArrIzq11 -0.9775 -0.9775 -0.9775 -0.9966 0.0000
-----MMM8111ArrIzq12 -1.0000 -1.0000 -1.0000 -1.0000 0.0000
-----MMM8111ArrIzq2 -1.0000 -1.0000 -1.0000 -1.0000 0.0000
-----MMM8111ArrIzq21 -0.8500 -0.8500 -0.8500 -0.8500 0.0000
-----MMM8111ArrIzq22 -1.0000 -1.0000 -1.0000 -1.0000 0.0000
-----MMM8111ArrIzq32 -0.9988 -0.9920 -0.9900 -0.9918 0.0000
-----MMM8112ArrIzq1 -1.0000 -1.0000 -1.0000 -1.0000 0.0000
-----MMM8112ArrIzq11 -0.9775 -0.9775 -0.9966 -0.9775 0.0000
-----MMM8112ArrIzq12 -0.9999 -0.9999 -0.9999 -0.9999 0.0000
-----MMM8112ArrIzq2 -0.9998 -0.9999 -0.9998 -0.9990 0.0000
-----MMM8112ArrIzq21 -0.8500 -0.8500 -0.8500 -0.8500 0.0000
-----MMM8112ArrIzq22 -1.0000 -1.0000 -1.0000 -1.0000 0.0000
-----MMM8112ArrIzq32 -0.9961 -0.9607 -0.9900 -0.9900 0.0000
-----MMM8113AbaIzq1 -0.9900 -0.9900 -0.9900 -0.9900 0.0000
-----MMM8113ArrIzq1 -1.0000 -1.0000 -1.0000 -1.0000 0.0000
-----MMM8113ArrIzq11 -0.9775 -0.9775 -0.9775 -0.9775 0.0000
-----MMM8113ArrIzq12 -1.0000 -1.0000 -1.0000 -1.0000 0.0000
-----MMM8113ArrIzq21 -0.8500 0.0000 -0.8500 0.0000 0.0000
-----MMM8113ArrIzq22 -1.0000 -1.0000 -1.0000 -1.0000 0.0000
-----MMM8113ArrIzq32 390.2745 -0.9990 -0.9990 -0.9999 0.0000
-----MMM8114ArrIzq1 -1.0000 -1.0000 -1.0000 -1.0000 0.0000
-----MMM8114ArrIzq11 -0.9775 -0.9775 -0.8500 -0.9775 0.0000
-----MMM8114ArrIzq12 -0.9999 -1.0000 -0.9990 -1.0000 0.0000
-----MMM8114ArrIzq21 -0.8500 -0.8500 -0.8500 -0.8500 0.0000
-----MMM8115ArrIzq1 -1.0000 -1.0000 -1.0000 -1.0000 0.0000
-----MMM8115ArrIzq11 -0.8500 0.0000 0.0000 -0.8500 0.0000
-----MMM8115ArrIzq12 -1.0000 -1.0000 -0.9999 -0.9999 0.0000
-----MMM8116ArrIzq1 -1.0000 -1.0000 -1.0000 -1.0000 0.0000
-----MMM8116ArrIzq11 -0.8500 -0.8500 0.0000 -0.8500 0.0000
-----MMM8116ArrIzq12 -0.9999 -0.9999 -1.0000 -0.9999 0.0000
-----MMM816ArrIzq1 -0.9000 -0.9000 -0.9000 -0.9000 0.0000
-----MMM816ArrIzq2 -0.9999 -0.9999 -1.0000 -1.0000 0.0000
-----MMM817ArrIzq1 -0.9900 -0.9000 0.0000 -0.9000 0.0000
-----MMM817ArrIzq12 -0.9000 0.0000 0.0000 -0.9000 0.0000
-----MMM817ArrIzq2 -1.0000 -1.0000 -1.0000 -1.0000 0.0000
-----MMM817ArrIzq22 52.9309 -1.0000 -1.0000 -1.0000 0.0000
-----MMM817ArrIzq32 0.0000 -0.9900 -0.9000 -0.9000 0.0000
-----MMM818ArrIzq1 0.0000 0.0000 0.0000 -0.9000 0.0000
-----MMM818ArrIzq2 -0.9999 -0.9999 -0.9998 -1.0000 0.0000
-----MMM818ArrIzq21 -0.9000 0.0000 -0.9000 -0.9000 0.0000
-----MMM818ArrIzq22 -1.0000 -1.0000 -1.0000 -1.0000 0.0000
-----MMM818ArrIzq32 -0.9000 -0.9000 -0.9000 -0.9000 0.0000
-----MMM819ArrIzq1 0.0000 0.0000 -0.9000 -0.9000 0.0000
-----MMM819ArrIzq2 -0.9978 -0.9850 -0.9900 -0.9997 0.0000
-----MMM819ArrIzq21 -0.9000 -0.9000 0.0000 -0.9000 0.0000
-----MMM819ArrIzq22 -1.0000 -1.0000 -1.0000 -1.0000 0.0000
-----MMM819ArrIzq32 -0.9000 -0.9000 -0.9900 -0.9000 0.0000
----F---741AbaDer3 0.0000 0.0000 239.7728 0.0000 0.0000
----M---8110AbaIzq1 -0.9900 -0.9990 -0.9900 -0.9900 0.0000
----M---8110AbaIzq12 -0.9000 0.0000 0.0000 -0.9000 0.0000
----M---8110AbaIzq2 -0.9999 -0.9990 -0.9999 -0.9999 0.0000
----M---8110AbaIzq21 0.0000 -0.8500 0.0000 0.0000 0.0000
----M---8110AbaIzq22 -1.0000 304.6217 14.8398 13.1662 0.0000
----M---8110ArrIzq1 -1.0000 -1.0000 -1.0000 -1.0000 0.0000
----M---8110ArrIzq11 -0.8500 -0.9775 -0.8500 -0.8500 0.0000
----M---8110ArrIzq12 -0.9990 -0.9999 -0.9990 -0.9900 0.0000
----M---817AbaIzq32 -0.9000 -0.9000 0.0000 0.0000 0.0000
---F----741AbaIzq2 131.0162 151.9443 247.8254 311.5226 0.0000
---F----741AbaIzq3 137.6066 194.3251 328.3612 467.1748 0.0000
---M----746AbaIzq3 -0.9999 -0.9999 -0.9999 -1.0000 0.0000
---M----748ArrIzq1 166.1633 144.2845 32.2982 118.6758 0.0000
---M----748ArrIzq2 -0.9999 -1.0000 -1.0000 -0.9999 0.0000
---M----749AbaIzq1 0.0000 0.0000 -0.9000 0.0000 0.0000
---M----8110ArrIzq1 117.7277 -0.8748 -0.9900 34.7488 0.0000
---M----8112ArrIzq1 -0.9000 -0.9850 0.0000 -0.9000 0.0000
---M----814AbaIzq1 -0.9900 -0.9900 -0.9900 -0.9900 0.0000
---M----814AbaIzq12 -0.9000 -0.9000 0.0000 -0.9000 0.0000
---M----814AbaIzq2 276.9204 296.4873 236.2231 277.5324 0.0000
---M----814AbaIzq21 -0.9850 -0.9850 -0.9966 -0.9966 0.0000
---M----814AbaIzq22 416.4009 -1.0000 92.2785 -1.0000 0.0000
---M----814ArrIzq1 -0.9000 -0.9000 -0.9000 -0.9000 0.0000
---M----814ArrIzq2 265.9512 -1.0000 -0.9990 -0.9999 0.0000
---M----815ArrIzq12 0.0000 -0.9000 0.0000 0.0000 0.0000
---M----815ArrIzq22 -1.0000 -1.0000 90.4286 -1.0000 0.0000
---M----815ArrIzq32 -0.9000 -0.9000 -0.9000 0.0000 0.0000
---M----816ArrIzq1 166.2816 17.3944 123.2148 119.3845 0.0000
---M----816ArrIzq11 -0.9775 -0.8500 -0.9775 -0.8500 0.0000
---M----816ArrIzq12 150.4668 70.0889 85.6443 105.7870 0.0000
---M----816ArrIzq2 -0.9990 -0.9999 -0.9900 -0.9900 0.0000
---M----816ArrIzq21 -0.8500 -0.9775 -0.8500 0.0000 0.0000
---M----816ArrIzq22 -1.0000 211.6700 1.9081 -1.0000 0.0000
---M----816ArrIzq32 0.0000 -0.9000 -0.9000 0.0000 0.0000
---M----818AbaIzq1 -0.9000 -0.9900 -0.9900 -0.9900 0.0000
---M----818AbaIzq12 -0.9000 0.0000 -0.9900 -0.9000 0.0000
---M----818ArrIzq1 122.5796 -1.0000 27.7123 -1.0000 0.0000
---M----818ArrIzq11 -0.8500 0.0000 -0.8500 -0.8500 0.0000
---M----818ArrIzq12 92.3809 -1.0000 -1.0000 65.2919 0.0000
--F-----682ArrDer1 -0.9900 0.0000 -0.9000 -0.9000 0.0000
--F-----682ArrDer2 157.0662 -0.9000 -0.9000 48.6060 0.0000
--F-----742ArrDer3 -0.9000 0.0000 -0.9000 0.0000 0.0000
--F-----8111ArrIzq32 0.0000 91.1987 428.4901 0.0000 0.0000
--M-----8111ArrIzq1 -1.0000 -1.0000 -1.0000 2.4598 0.0000
--M-----8111ArrIzq11 -0.9775 -0.9966 -0.9775 -0.9775 0.0000
--M-----8111ArrIzq12 -1.0000 -1.0000 -1.0000 -1.0000 0.0000
--M-----818ArrIzq32 -0.9000 -0.9000 -0.9000 0.0000 0.0000
--M-----819AbaIzq1 -0.9900 -0.9990 -0.9900 -0.9900 0.0000
--M-----819AbaIzq12 0.0000 0.0000 0.0000 -0.9000 0.0000
--M-----819AbaIzq2 -0.9990 -0.9999 -0.9999 -0.9999 0.0000
--M-----819AbaIzq21 -0.8500 -0.8500 -0.8500 -0.9000 0.0000
--M-----819AbaIzq22 213.9885 40.7503 263.4291 351.2448 0.0000
--M-M--M6812ArrIzq1 -1.0000 -1.0000 -1.0000 100.0908 0.0000
--M-M--M6813ArrIzq1 -1.0000 -1.0000 -1.0000 -1.0000 0.0000
--M-M--M6814ArrIzq1 -1.0000 -1.0000 -1.0000 -1.0000 0.0000
--M-M--M6815ArrIzq1 -1.0000 -1.0000 -1.0000 -1.0000 0.0000
--M-M--M6816ArrIzq1 -1.0000 -1.0000 -1.0000 -1.0000 0.0000
--M-M--M683ArrIzq2 85.8306 104.8835 -0.9000 333.5499 0.0000
--M-M--M684ArrIzq2 324.6739 157.4687 -0.9900 325.8939 0.0000
--M-M--M685ArrIzq1 0.0000 0.0000 0.0000 -0.9000 0.0000
--M-M--M685ArrIzq2 318.3733 297.4730 295.6542 176.6676 0.0000
--M-M--M686ArrIzq1 -0.9000 0.0000 0.0000 0.0000 0.0000
--M-M--M686ArrIzq2 311.0023 294.9708 288.7524 247.3265 0.0000
--M-M--M687ArrIzq2 303.7809 289.7322 281.9685 288.7453 0.0000
--M-M--M6912ArrIzq1 -1.0000 -1.0000 7.3334 63.5998 0.0000
--M-M--M6913ArrIzq1 -1.0000 2.4415 -1.0000 -1.0000 0.0000
--M-M--M6914ArrIzq1 -1.0000 -1.0000 -1.0000 46.0913 0.0000
--M-M--M6915ArrIzq1 -1.0000 -1.0000 -1.0000 4.4814 0.0000
--M-M--M6916ArrIzq1 -1.0000 -1.0000 -1.0000 -1.0000 0.0000
--M-M--M7410AbaIzq3 -1.0000 -1.0000 -1.0000 -1.0000 0.0000
--M-M--M7411AbaIzq2 -1.0000 -1.0000 -1.0000 -1.0000 0.0000
--M-M--M7412AbaIzq2 -1.0000 -1.0000 -0.9999 -0.9999 0.0000
--M-M--M7412ArrIzq1 12.7116 -0.5160 19.0766 18.8385 0.0000
--M-M--M7412ArrIzq2 -1.0000 -1.0000 -1.0000 -1.0000 0.0000
--M-M--M7413ArrIzq1 12.7351 -0.9963 -1.0000 -0.9252 0.0000
--M-M--M7413ArrIzq2 -1.0000 -0.9999 -0.9999 -1.0000 0.0000
--M-M--M7414ArrIzq1 -1.0000 -0.9999 -1.0000 -0.9997 0.0000
--M-M--M7415ArrIzq1 -0.9985 -0.9995 -0.9986 -0.9976 0.0000
--M-M--M7416ArrIzq1 -1.0000 -1.0000 -1.0000 -1.0000 0.0000
--M-M--M747AbaIzq3 -1.0000 -1.0000 -1.0000 38.1734 0.0000
--M-M--M748AbaIzq3 -1.0000 27.2216 -1.0000 -1.0000 0.0000
--M-M--M748ArrIzq3 -1.0000 26.6037 -1.0000 177.3568 0.0000
--M-M--M749AbaIzq3 -1.0000 -1.0000 -1.0000 -1.0000 0.0000
--M-M--M8111AbaIzq1 -0.9900 -0.9000 0.0000 0.0000 0.0000
--M-M--M8111AbaIzq2 -0.9990 -0.9990 -0.9990 -0.9990 0.0000
--M-M--M8112ArrIzq1 -0.9000 -0.9000 0.0000 -0.9000 0.0000
--M-M--M8112ArrIzq2 -0.9990 -0.9998 -0.9998 -1.0000 0.0000
--M-M--M8112ArrIzq22 253.3085 -1.0000 -1.0000 -1.0000 0.0000
--M-M--M8113ArrIzq21 -0.8500 -0.8500 -0.8500 -0.8500 0.0000
--M-M--M8113ArrIzq22 11.6969 -1.0000 -1.0000 -1.0000 0.0000
--M-M--M8113ArrIzq32 463.3337 136.2021 386.9711 397.8868 0.0000
--M-M--M8114ArrIzq21 -0.8500 -0.8500 -0.9775 -0.9775 0.0000
--M-M--M8115ArrIzq1 -1.0000 -1.0000 -1.0000 -1.0000 0.0000
--M-M--M8115ArrIzq11 -0.8500 -0.8500 0.0000 -0.8500 0.0000
--M-M--M8115ArrIzq12 -0.9990 -0.9999 -0.9990 -0.9999 0.0000
--M-M--M8116ArrIzq1 -1.0000 -1.0000 -1.0000 -1.0000 0.0000
--M-M--M8116ArrIzq11 -0.8500 -0.8500 -0.8500 -0.8500 0.0000
--M-M--M8116ArrIzq12 -1.0000 -1.0000 -1.0000 -1.0000 0.0000
--M-MMMM6817ArrIzq1 -1.0000 -1.0000 -1.0000 -1.0000 0.0000
--M-MMMM688ArrIzq2 296.7054 289.1231 288.2792 -1.0000 0.0000
--M-MMMM6917ArrIzq1 -1.0000 22.8733 -0.3469 97.9310 0.0000
--M-MMMM7414ArrIzq1 -0.9000 -0.9000 -0.9000 -0.9000 0.0000
--M-MMMM7414ArrIzq2 -1.0000 -0.9999 -0.9999 -1.0000 0.0000
--M-MMMM7417ArrIzq1 -1.0000 -1.0000 -1.0000 -1.0000 0.0000
--M-MMMM749ArrIzq3 39.5112 270.1481 21.4670 363.2933 0.0000
--M-MMMM8111AbaIzq32 -0.9000 -0.9000 -0.9000 -0.9000 0.0000
--M-MMMM8112ArrIzq1 -1.0000 -1.0000 -1.0000 -1.0000 0.0000
--M-MMMM8112ArrIzq12 -0.9900 0.0000 -0.9000 -0.9000 0.0000
--M-MMMM8112ArrIzq2 -0.9990 -0.9990 -0.9990 -0.9900 0.0000
--M-MMMM8112ArrIzq22 -1.0000 -1.0000 -1.0000 -1.0000 0.0000
--M-MMMM8113ArrIzq1 -0.9000 -0.9000 -0.9000 -0.9000 0.0000
--M-MMMM8113ArrIzq2 -0.9998 -0.9985 -0.9998 -0.9998 0.0000
--M-MMMM8114AbaIzq1 -0.9900 -0.9900 -0.9990 -0.9900 0.0000
--M-MMMM8114ArrIzq22 -1.0000 -1.0000 -1.0000 -1.0000 0.0000
--M-MMMM8114ArrIzq32 446.4317 280.5753 399.4135 239.7933 0.0000
--M-MMMM8115ArrIzq21 -0.8500 -0.8500 -0.8500 -0.8500 0.0000
--M-MMMM8117ArrIzq1 -1.0000 -1.0000 -1.0000 -1.0000 0.0000
--M-MMMM8117ArrIzq11 -0.8500 0.0000 -0.9775 0.0000 0.0000
--M-MMMM8117ArrIzq12 -1.0000 -0.9999 -0.9999 -0.9999 0.0000
-F------681Arr1 0.0000 -0.9000 0.0000 -0.9000 0.0000
-F------681Arr2 349.3821 275.0651 333.4081 -0.9000 0.0000
-F------741Arr3 0.0000 -0.9000 0.0000 -0.9000 0.0000
-FM-M--M8112ArrIzq32 476.4809 360.9046 353.2442 332.9720 0.0000
-MM-----8110AbaIzq1 -0.9000 -0.9900 -0.9000 -0.9900 0.0000
-MM-----8110AbaIzq2 -0.9999 -1.0000 -0.9999 -0.9999 0.0000
-MM-----8110AbaIzq21 -0.9775 -0.8500 -0.8500 -0.9775 0.0000
-MM-----8110AbaIzq22 60.2895 97.1234 258.8951 311.7806 0.0000
-MM-----8112ArrIzq1 -1.0000 -1.0000 -1.0000 -1.0000 0.0000
-MM-----8112ArrIzq11 -0.9775 -0.9775 -0.9775 -0.9775 0.0000
-MM-----8112ArrIzq12 -0.9999 -0.9999 -1.0000 -1.0000 0.0000
-MM-----819ArrIzq32 -1.0000 -0.9000 -0.9000 -0.9000 0.0000
A 0.0000 0.0000 0.0000 0.0000 0.0000
F-------682ArrIzq1 -0.9000 165.8177 165.7511 194.0093 0.0000
F-------682ArrIzq2 313.6669 325.3820 306.1374 341.3943 0.0000
F-------692ArrIzq1 190.4380 -0.9000 89.4042 -0.9000 0.0000
F-------742ArrIzq2 272.2912 -0.9900 -0.9900 -0.9000 0.0000
F-------742ArrIzq3 311.0686 -0.9000 -0.9000 0.0000 0.0000
M-------745AbaIzq3 -0.9990 94.0598 -0.9990 -0.9990 0.0000
M-------748AbaIzq1 0.0000 0.0000 -0.9000 0.0000 0.0000
M-------748AbaIzq2 -1.0000 -1.0000 -1.0000 -1.0000 0.0000
M-------749ArrIzq1 161.8400 146.8381 0.8883 141.6825 0.0000
M-------817AbaIzq1 -0.9900 -0.9000 -0.9900 -0.9900 0.0000
M-------817AbaIzq12 -0.9000 -0.9000 -0.9000 -0.9000 0.0000
M-------817AbaIzq2 -0.9999 -1.0000 -1.0000 -1.0000 0.0000
M-------817AbaIzq21 -0.8500 -0.8500 -0.9775 -0.8500 0.0000
M-------817AbaIzq22 53.6423 352.7389 56.1427 253.1985 0.0000
M-------817AbaIzq32 -0.9000 -0.9000 -0.9000 0.0000 0.0000
M-------817ArrIzq1 132.7988 104.9063 127.9689 126.4203 0.0000
M-------817ArrIzq11 -0.8500 -0.9775 -0.8500 -0.9775 0.0000
M-------817ArrIzq12 -0.9994 -0.9986 -1.0000 -0.9995 0.0000
M----M--8111ArrIzq1 11.7725 -0.9999 0.0000 5.7965 0.0000
M----M--8111ArrIzq12 0.0000 0.0000 0.0000 0.0000 0.0000
M----M--813AbaIzq1 -0.9000 -0.9000 -0.9000 -0.9900 0.0000
M----M--813AbaIzq2 289.4477 89.2387 81.2781 315.8346 0.0000
M----M--814ArrIzq12 -0.9000 0.0000 0.0000 -0.9000 0.0000
M----M--814ArrIzq22 94.1227 40.2202 99.9821 225.4024 0.0000
M----M--814ArrIzq32 0.0000 -0.9000 -0.9000 -0.9000 0.0000
M----M--815ArrIzq21 -0.9850 -0.8500 -0.9000 -0.9850 0.0000
M----M--817ArrIzq1 161.9511 98.1039 129.8828 -1.0000 0.0000
M----M--817ArrIzq11 -0.8500 -0.8500 -0.9966 -0.8500 0.0000
M----M--817ArrIzq12 134.4503 75.8509 -0.6687 60.0574 0.0000
M----MMM8113ArrIzq1 0.0000 0.0000 0.0000 0.0000 0.0000
M----MMM815ArrIzq1 -0.9000 -0.9000 -0.9000 -0.9000 0.0000
M----MMM815ArrIzq2 89.2387 -1.0000 -1.0000 -1.0000 0.0000
M----MMM816ArrIzq12 -0.9000 0.0000 -0.9000 0.0000 0.0000
M----MMM816ArrIzq22 -1.0000 -1.0000 2.3605 -1.0000 0.0000
M----MMM816ArrIzq32 -0.9000 -0.9000 -0.9000 -0.9000 0.0000
M----MMM817ArrIzq21 0.0000 -0.9000 -0.9000 0.0000 0.0000
M----MMM819ArrIzq1 -1.0000 -1.0000 -1.0000 -1.0000 0.0000
M----MMM819ArrIzq11 0.0000 -0.8500 -0.8500 -0.8500 0.0000
M----MMM819ArrIzq12 65.2919 -1.0000 -1.0000 -1.0000 0.0000
M--M-M--6810ArrDer1 -0.9900 -0.9000 -0.9900 -0.9900 0.0000
M--M-M--6811ArrDer1 -0.9000 -0.9000 -0.9000 -0.9000 0.0000
M--M-M--6812ArrDer1 -0.9000 -0.9000 -0.9900 -0.9900 0.0000
M--M-M--6813ArrDer1 -0.9000 -0.9000 -0.9000 0.0000 0.0000
M--M-M--6814ArrDer1 -0.9000 0.0000 0.0000 -0.9000 0.0000
M--M-M--682Arr1 -0.9000 0.0000 181.9357 0.0000 0.0000
M--M-M--682Arr2 -0.9000 -0.9000 -0.9900 -0.9000 0.0000
M--M-M--683Arr1 0.0000 -0.9000 -0.9000 -0.9000 0.0000
M--M-M--683Arr2 -0.9900 -0.9900 -0.9900 -0.9000 0.0000
M--M-M--684Arr1 -0.9900 -0.9000 -0.9000 -0.9000 0.0000
M--M-M--684Arr2 -0.9000 -0.9900 -0.9000 -0.9000 0.0000
M--M-M--685Arr1 -0.9900 -0.9900 -0.9900 -0.9000 0.0000
M--M-M--685Arr2 -0.9000 -0.9000 -0.9900 -0.9000 0.0000
M--M-M--692Arr1 158.1998 -0.9000 -0.9900 -0.9000 0.0000
M--M-M--693Arr1 121.7005 -0.9990 -0.9900 -0.9990 0.0000
M--M-M--694Arr1 -0.9990 -0.9990 -0.9990 -0.9900 0.0000
M--M-M--695Arr1 -1.0000 -1.0000 -1.0000 -1.0000 0.0000
M--M-M--7417Arr1 -1.0000 -1.0000 50.3861 -0.9990 0.0000
M--M-M--7418Arr1 -0.9000 -0.9990 -0.9900 -0.9990 0.0000
M--M-M--7419Arr1 -1.0000 -1.0000 -0.9000 -0.9990 0.0000
M--M-M--742Arr2 -0.9900 -0.9900 -0.9900 -0.9900 0.0000
M--M-M--743Arr1 -1.0000 -1.0000 122.0755 41.5914 0.0000
M--M-M--744Arr1 -1.0000 -1.0000 53.6562 -1.0000 0.0000
M--M-M--745Arr1 -1.0000 -1.0000 17.2188 -1.0000 0.0000
M--M-MMM686Arr1 -0.9900 -0.9900 -0.9900 -0.9900 0.0000
M--M-MMM686Arr2 -0.9000 0.0000 -0.9000 -0.9000 0.0000
M--M-MMM696Arr1 -1.0000 -1.0000 -1.0000 -1.0000 0.0000
M--M-MMM7420Arr1 -0.9900 -0.9900 -0.9000 -0.9900 0.0000
M--M-MMM743Arr2 -0.9900 -0.9900 -0.9990 -0.9900 0.0000
M--M-MMM746Arr1 -1.0000 -1.0000 -1.0000 -1.0000 0.0000
MF-M-M--681Arr1 198.9998 0.0000 0.0000 0.0000 0.0000
MF-M-M--681Arr2 179.1000 -0.9000 0.0000 -0.9000 0.0000
MF-M-M--691Arr1 199.0000 0.0000 113.0035 128.0520 0.0000
MF-M-M--741Arr2 179.1000 -0.9000 -0.9000 0.0000 0.0000
MM------7410ArrIzq1 -0.9900 -0.9000 22.1712 95.9593 0.0000
MM------744AbaIzq3 -0.9900 86.8530 -0.9900 -0.9900 0.0000
MM------747AbaIzq2 -1.0000 -1.0000 -1.0000 -1.0000 0.0000
MM------748ArrIzq1 141.0880 -1.0000 157.6032 101.5588 0.0000
MM------816AbaIzq1 -0.9900 -0.9000 -0.9000 -0.9900 0.0000
MM------816AbaIzq12 0.0000 0.0000 -0.9000 -0.9000 0.0000
MM------816AbaIzq2 -1.0000 -1.0000 -1.0000 290.5073 0.0000
MM------816AbaIzq21 -0.9775 -0.9775 -0.9775 -0.9775 0.0000
MM------816AbaIzq22 168.1980 317.0549 247.5824 429.5521 0.0000
MM------816AbaIzq32 0.0000 0.0000 -0.9000 0.0000 0.0000
MM------816ArrIzq1 119.6537 118.6745 145.4088 117.5085 0.0000
MM------816ArrIzq11 -0.8500 -0.9775 -0.8500 -0.8500 0.0000
MM------816ArrIzq12 93.1184 78.1471 -1.0000 130.7888 0.0000
MM------818ArrIzq1 -0.9000 27.2926 58.2222 0.0000 0.0000
MM---MM-8112ArrIzq1 -0.9990 0.0000 0.0000 0.0000 0.0000
MM---MM-8112ArrIzq12 0.0000 0.0000 75.7403 -0.9000 0.0000
MM---MM-812AbaIzq1 -0.9000 -0.9000 -0.9000 128.0520 0.0000
MM---MM-812AbaIzq2 280.6180 304.9823 260.7305 322.8821 0.0000
MM---MM-813ArrIzq22 113.0030 0.0000 0.0000 202.4056 0.0000
MM---MM-815ArrIzq12 0.0000 -0.9000 0.0000 -0.9000 0.0000
MM---MM-815ArrIzq22 169.8750 175.5975 99.3442 246.5969 0.0000
MM---MM-815ArrIzq32 0.0000 -0.9000 -0.9000 0.0000 0.0000
MM---MM-816ArrIzq1 130.7614 131.3283 134.5677 133.4116 0.0000
MM---MM-816ArrIzq11 -0.9966 -0.9775 -0.9775 -0.8500 0.0000
MM---MM-816ArrIzq12 74.5065 15.1395 120.0881 96.0831 0.0000
MM---MM-816ArrIzq21 -0.8500 -0.8500 -0.9000 -0.8500 0.0000
MM---MMM8114ArrIzq1 -0.9000 0.0000 0.0000 0.0000 0.0000
MM---MMM8114ArrIzq12 -0.9000 0.0000 0.0000 -0.9000 0.0000
MM---MMM814ArrIzq1 0.0000 0.0000 -0.9000 -0.9000 0.0000
MM---MMM814ArrIzq2 -0.9990 -0.9990 -1.0000 -0.9999 0.0000
MM---MMM815ArrIzq22 0.0000 0.0000 0.0000 0.0000 0.0000
MM---MMM815ArrIzq32 0.0000 -0.9000 0.0000 0.0000 0.0000
MM---MMM817ArrIzq22 -1.0000 -1.0000 -1.0000 -1.0000 0.0000
MM---MMM817ArrIzq32 -0.9000 -0.9000 -0.9000 0.0000 0.0000
MM---MMM818ArrIzq1 -1.0000 -1.0000 -1.0000 -1.0000 0.0000
MM---MMM818ArrIzq11 -0.8500 -0.9775 -0.8500 -0.8500 0.0000
MM---MMM818ArrIzq12 -0.9999 -1.0000 -1.0000 -1.0000 0.0000
MMM-----6810AbaIzq1 130.5928 -1.0000 -1.0000 149.3802 0.0000
MMM-----682AbaDer1 -0.9000 -0.9990 -0.9900 -0.9000 0.0000
MMM-----682AbaDer2 -0.9000 -0.9000 156.9762 -0.9000 0.0000
MMM-----682AbaIzq1 187.2383 181.6430 184.3568 194.0200 0.0000
MMM-----682AbaIzq2 -0.9000 -0.9000 -0.9900 -0.9000 0.0000
MMM-----683AbaDer1 -0.9900 -0.9900 -0.9900 -0.9900 0.0000
MMM-----683AbaDer2 -0.9990 -0.9000 -0.9900 -0.9900 0.0000
MMM-----683AbaIzq1 179.1657 179.4655 179.6696 189.1396 0.0000
MMM-----683AbaIzq2 -0.9000 -0.9000 -0.9900 -0.9900 0.0000
MMM-----684AbaDer1 -0.9000 -0.9000 -0.9900 -0.9000 0.0000
MMM-----684AbaDer2 -0.9900 -0.9900 -0.9900 -0.9990 0.0000
MMM-----684AbaIzq1 179.4890 175.0740 175.0745 184.3568 0.0000
MMM-----684AbaIzq2 -0.9900 -0.9900 -0.9900 -0.9900 0.0000
MMM-----685AbaDer1 -0.9000 -0.9000 -0.9000 -0.9000 0.0000
MMM-----685AbaIzq1 173.3155 -0.9999 169.1179 179.6697 0.0000
MMM-----686AbaDer1 -0.9000 -0.9000 -0.9000 -0.9000 0.0000
MMM-----686AbaIzq1 -1.0000 -1.0000 -1.0000 175.0240 0.0000
MMM-----687AbaDer1 0.0000 -0.9000 -0.9000 -0.9000 0.0000
MMM-----687AbaIzq1 156.0160 161.8400 151.8532 -1.0000 0.0000
MMM-----688AbaDer1 -0.9000 -0.9900 -0.9000 -0.9990 0.0000
MMM-----688AbaIzq1 152.6545 150.7043 149.3699 157.6032 0.0000
MMM-----689AbaIzq1 149.1960 143.2378 145.1994 153.4511 0.0000
MMM-----6910AbaIzq1 -1.0000 79.9430 -1.0000 -1.0000 0.0000
MMM-----692AbaIzq1 124.2945 184.2712 182.8843 194.0200 0.0000
MMM-----693AbaIzq1 -0.9999 112.6095 78.0908 189.1396 0.0000
MMM-----694AbaIzq1 168.7630 156.4153 6.6078 184.3568 0.0000
MMM-----695AbaIzq1 60.1885 47.8919 170.5434 179.6697 0.0000
MMM-----696AbaIzq1 43.5239 139.0363 37.3941 175.0763 0.0000
MMM-----697AbaIzq1 45.2472 -1.0000 -1.0000 170.5702 0.0000
MMM-----698AbaIzq1 -1.0000 -1.0000 -1.0000 165.9967 0.0000
MMM-----699AbaIzq1 -1.0000 104.6289 -1.0000 -1.0000 0.0000
MMM-----7410AbaIzq1 -1.0000 -1.0000 15.1373 22.3805 0.0000
MMM-----7410AbaIzq2 -0.9990 -0.9990 -0.9990 -0.9990 0.0000
MMM-----7410AbaIzq3 -1.0000 -1.0000 -1.0000 -1.0000 0.0000
MMM-----7411AbaIzq1 -0.9900 -0.9000 -0.9900 -0.9000 0.0000
MMM-----7411ArrIzq1 -0.9000 59.5731 -0.9000 -0.9900 0.0000
MMM-----7412AbaIzq1 -0.9000 -0.9900 -0.9900 -0.9900 0.0000
MMM-----7412ArrIzq1 -0.9900 0.0000 10.8122 -0.9900 0.0000
MMM-----7413AbaIzq1 -0.9900 -0.9000 -0.9000 -0.9900 0.0000
MMM-----7413ArrIzq1 0.0000 3.6155 0.0000 -0.9900 0.0000
MMM-----7414ArrIzq1 -0.9000 -0.9900 -0.9000 -0.9900 0.0000
MMM-----7415ArrIzq1 -0.9900 -1.0000 -0.9900 -0.9000 0.0000
MMM-----742Aba3 -0.9900 -0.9000 -0.9900 -0.9000 0.0000
MMM-----743AbaDer3 -0.9000 -0.9000 -0.9000 -0.9000 0.0000
MMM-----743AbaIzq2 70.0366 175.6504 90.5208 -0.9000 0.0000
MMM-----743AbaIzq3 -0.9900 131.9648 -0.9990 -0.9900 0.0000
MMM-----743ArrIzq1 -1.0000 11.9941 -1.0000 -0.6948 0.0000
MMM-----744AbaIzq2 -0.9990 67.5556 90.5970 93.1122 0.0000
MMM-----744ArrIzq1 -1.0000 -1.0000 -0.6458 -1.0000 0.0000
MMM-----745AbaIzq2 -1.0000 205.5195 -1.0000 -1.0000 0.0000
MMM-----745ArrIzq1 -1.0000 79.3652 -1.0000 -1.0000 0.0000
MMM-----746AbaIzq2 -1.0000 67.5992 -1.0000 -1.0000 0.0000
MMM-----746ArrIzq1 -1.0000 55.3329 -1.0000 -1.0000 0.0000
MMM-----747ArrIzq1 42.0325 134.9985 -1.0000 -1.0000 0.0000
MMM-----748AbaIzq1 29.5304 6.5631 8.4882 71.0079 0.0000
MMM-----748AbaIzq2 -0.9999 -1.0000 -0.9999 -0.9999 0.0000
MMM-----748AbaIzq3 -0.9999 -0.9999 -0.9999 -0.9999 0.0000
MMM-----749AbaIzq1 8.4542 3.5250 -1.0000 29.1877 0.0000
MMM-----749AbaIzq2 -0.9999 -1.0000 -0.9999 -0.9999 0.0000
MMM-----749AbaIzq3 -1.0000 -1.0000 -1.0000 -1.0000 0.0000
MMM-----8110AbaIzq1 -1.0000 -1.0000 -1.0000 -1.0000 0.0000
MMM-----8110AbaIzq11 0.0000 -0.8500 0.0000 0.0000 0.0000
MMM-----8110AbaIzq12 -0.9990 -0.9990 -0.9999 -0.9990 0.0000
MMM-----8110AbaIzq2 -0.9990 -0.9990 -0.9990 -0.9990 0.0000
MMM-----8110AbaIzq22 -1.0000 -1.0000 -1.0000 -1.0000 0.0000
MMM-----8110AbaIzq32 -0.9000 0.0000 -0.9000 0.0000 0.0000
MMM-----8111AbaIzq1 -0.9990 -0.9990 -0.9990 -0.9999 0.0000
MMM-----8111AbaIzq12 -0.9990 -0.9999 -0.9900 -0.9990 0.0000
MMM-----8111AbaIzq2 -0.9999 -0.9999 -0.9999 -0.9999 0.0000
MMM-----8111AbaIzq21 -0.8500 -0.8500 -0.8500 -0.8500 0.0000
MMM-----8111AbaIzq22 248.2041 99.9906 22.9282 286.5960 0.0000
MMM-----8111AbaIzq32 0.0000 0.0000 -0.9900 0.0000 0.0000
MMM-----8112AbaIzq1 -0.9900 -0.9990 -0.9900 -0.9900 0.0000
MMM-----8112AbaIzq12 -0.9000 -0.9000 -0.9000 -0.9000 0.0000
MMM-----8113AbaIzq1 -0.9900 -0.9000 -0.9900 -0.9900 0.0000
MMM-----8113AbaIzq12 0.0000 0.0000 0.0000 -0.9000 0.0000
MMM-----8113ArrIzq1 -1.0000 -1.0000 -1.0000 -1.0000 0.0000
MMM-----8113ArrIzq11 -0.9966 -0.8500 -0.8500 -0.9775 0.0000
MMM-----8113ArrIzq12 -1.0000 -0.9999 -1.0000 -0.9999 0.0000
MMM-----8114AbaIzq1 -0.9900 -0.9900 -0.9900 -0.9900 0.0000
MMM-----816AbaIzq1 165.4557 98.2152 148.2699 175.0763 0.0000
MMM-----816AbaIzq2 -0.9900 -0.9900 -0.9985 71.6932 0.0000
MMM-----817AbaIzq1 141.9039 -1.0000 -1.0000 170.5739 0.0000
MMM-----817AbaIzq12 -0.9990 -0.9987 -0.9990 -0.9952 0.0000
MMM-----817AbaIzq2 -0.9990 -0.9999 -0.9990 -0.9999 0.0000
MMM-----817AbaIzq22 -1.0000 -1.0000 -1.0000 -1.0000 0.0000
MMM-----817AbaIzq32 -0.9000 -0.9000 -0.9000 -0.9000 0.0000
MMM-----818AbaIzq1 -1.0000 -0.6238 -1.0000 -1.0000 0.0000
MMM-----818AbaIzq11 0.0000 -0.8500 0.0000 -0.8500 0.0000
MMM-----818AbaIzq12 -0.9990 -0.8895 -0.9990 -0.9772 0.0000
MMM-----818AbaIzq2 -0.9990 -0.9990 -0.9990 -0.9999 0.0000
MMM-----818AbaIzq21 0.0000 -0.8500 0.0000 -0.8500 0.0000
MMM-----818AbaIzq22 -1.0000 -1.0000 -1.0000 -1.0000 0.0000
MMM-----818AbaIzq32 -0.9000 0.0000 0.0000 -0.9000 0.0000
MMM-----819AbaIzq1 -1.0000 -1.0000 -1.0000 -1.0000 0.0000
MMM-----819AbaIzq11 0.0000 0.0000 -0.8500 0.0000 0.0000
MMM-----819AbaIzq12 -0.9900 -0.9900 -0.9000 -0.9990 0.0000
MMM-----819AbaIzq2 -0.9990 -0.9999 -0.9990 -0.9990 0.0000
MMM-----819AbaIzq22 -1.0000 -1.0000 -1.0000 -1.0000 0.0000
MMM-----819AbaIzq32 0.0000 0.0000 -0.9000 0.0000 0.0000
MMM--F--742AbaIzq2 -0.9900 285.2828 0.0000 -0.9000 0.0000
MMM--M--7410AbaIzq1 -0.9900 -0.9000 -0.9000 -0.9900 0.0000
MMM--M--747AbaIzq1 18.5540 -1.0000 18.4043 170.5748 0.0000
MMM--M--747AbaIzq2 -0.9990 -0.9999 -0.9990 -0.9990 0.0000
MMM--M--747AbaIzq3 -1.0000 -0.9999 -0.9999 -0.9999 0.0000
MMM--M--815AbaIzq1 158.5676 86.4566 169.9727 179.6697 0.0000
MMM--M--815AbaIzq12 -0.9000 -0.9000 -0.9000 -0.9000 0.0000
MMM--M--815AbaIzq2 272.1354 279.9048 231.6212 277.7932 0.0000
MMM--M--815AbaIzq21 -0.9966 -0.9850 -0.9966 -0.9850 0.0000
MMM--M--815AbaIzq22 119.4958 366.3852 379.5828 443.2073 0.0000
MMM--M--815ArrIzq1 96.3275 119.4752 123.6643 81.4392 0.0000
MMM--M--815ArrIzq11 -0.9000 -0.8500 -0.8500 -0.9000 0.0000
MMM--M--815ArrIzq12 100.5165 95.6105 107.8214 168.2905 0.0000
MMM--M--816AbaIzq12 -0.9497 -0.9926 -0.9920 -1.0000 0.0000
MMM--M--816AbaIzq22 -1.0000 -1.0000 -1.0000 -1.0000 0.0000
MMM--M--816AbaIzq32 -0.9000 0.0000 -0.9000 -0.9000 0.0000
MMM--M--817AbaIzq11 0.0000 0.0000 -0.9775 0.0000 0.0000
MMM--M--817AbaIzq21 0.0000 -0.8500 0.0000 -0.8500 0.0000
MMM--M--819AbaIzq1 -0.9990 -0.9900 -0.9990 -0.9990 0.0000
MMM--M--819AbaIzq12 -0.9900 -0.9900 -0.9900 -0.9000 0.0000
MMM--M--819ArrIzq1 9.1900 26.7702 0.4834 -0.9000 0.0000
MMM--M--819ArrIzq12 0.0000 0.0000 -0.9000 171.2324 0.0000
MMM--MM-746AbaIzq1 158.2637 155.1299 35.7885 175.0763 0.0000
MMM--MM-746AbaIzq2 -0.9000 -0.9900 -0.9900 -0.9900 0.0000
MMM--MM-746AbaIzq3 -0.9999 -0.9990 -0.9999 -0.9990 0.0000
MMM--MM-749AbaIzq1 -0.9900 -0.9990 -0.9990 -0.9900 0.0000
MMM--MM-8110AbaIzq1 0.0000 0.0000 0.0000 0.0000 0.0000
MMM--MM-8110ArrIzq1 -0.9000 0.0000 -0.9990 -0.9900 0.0000
MMM--MM-814AbaIzq1 177.7181 169.9225 156.7678 184.3568 0.0000
MMM--MM-814AbaIzq2 242.5301 271.2181 284.7781 89.8144 0.0000
MMM--MM-814AbaIzq21 -0.9900 -0.9978 -0.9978 -0.9900 0.0000
MMM--MM-814ArrIzq1 -1.0000 -1.0000 116.3553 -1.0000 0.0000
MMM--MM-814ArrIzq11 -0.9990 55.1967 -0.9000 82.4052 0.0000
MMM--MM-815AbaIzq12 -0.9000 0.0000 -0.9000 -0.9000 0.0000
MMM--MM-815AbaIzq22 0.0000 0.0000 0.0000 0.0000 0.0000
MMM--MM-816AbaIzq2 0.0000 0.0000 120.5512 7.5537 0.0000
MMM--MM-816AbaIzq21 -0.8500 0.0000 0.0000 0.0000 0.0000
MMM--MM-817AbaIzq12 -0.9990 -0.9999 18.5051 -0.9999 0.0000
MMM--MM-817AbaIzq22 -0.9999 -0.9999 -1.0000 -0.9999 0.0000
MMM--MM-817AbaIzq32 0.0000 -0.9000 -0.9000 -0.9000 0.0000
MMM--MM-818AbaIzq1 -1.0000 -0.9999 -1.0000 -0.9999 0.0000
MMM--MM-818AbaIzq12 -0.9000 -0.9000 -0.9900 -0.9000 0.0000
MMM--MM-818AbaIzq21 0.0000 -0.8500 -0.8500 0.0000 0.0000
MMM--MMM7413AbaIzq1 0.0000 0.0000 0.0000 0.0000 0.0000
MMM--MMM7416AbaIzq1 -0.9000 0.0000 0.0000 0.0000 0.0000
MMM--MMM742AbaIzq1 101.7861 115.2029 184.0939 194.0200 0.0000
MMM--MMM742AbaIzq2 -0.9900 -0.9900 -0.9000 -0.9900 0.0000
MMM--MMM742AbaIzq3 -0.9000 -0.9000 -0.9900 -0.9000 0.0000
MMM--MMM743AbaIzq1 92.7880 111.8215 169.3437 189.1396 0.0000
MMM--MMM743AbaIzq2 0.0000 0.0000 0.0000 -0.9900 0.0000
MMM--MMM743AbaIzq3 -0.9900 -0.9900 -0.9900 -0.9900 0.0000
MMM--MMM744AbaIzq1 150.3197 119.5314 163.3013 184.3568 0.0000
MMM--MMM744AbaIzq2 0.0000 -0.9900 -0.9000 -0.9000 0.0000
MMM--MMM744AbaIzq3 -0.9000 -0.9000 -0.9900 -0.9900 0.0000
MMM--MMM745AbaIzq1 102.2046 171.3375 155.0460 179.6697 0.0000
MMM--MMM745AbaIzq2 0.0000 -0.9000 -0.9000 -0.9900 0.0000
MMM--MMM745AbaIzq3 -0.9990 -0.9990 -0.9990 -0.9900 0.0000
MMM--MMM746AbaIzq1 -0.9990 -0.9990 -0.9999 -0.9999 0.0000
MMM--MMM747AbaIzq1 -0.9990 -0.9999 -0.9990 -0.9990 0.0000
MMM--MMM748AbaIzq1 -0.9900 -0.9900 -0.9990 -0.9900 0.0000
MMM--MMM8110Aba12 0.0000 0.0000 -0.9000 0.0000 0.0000
MMM--MMM8111AbaIzq12 0.0000 0.0000 0.0000 0.0000 0.0000
MMM--MMM8111ArrIzq1 -0.9000 0.0000 2.3516 -0.9000 0.0000
MMM--MMM8112AbaIzq1 -0.9000 0.0000 0.0000 0.0000 0.0000
MMM--MMM8112AbaIzq12 0.0000 -0.9000 -0.9000 0.0000 0.0000
MMM--MMM8113ArrIzq1 -0.9985 -0.9000 -0.9000 -0.9990 0.0000
MMM--MMM8113ArrIzq12 29.3340 0.0000 3.9530 13.2339 0.0000
MMM--MMM8115ArrIzq1 -0.9000 0.0000 0.0000 -0.9000 0.0000
MMM--MMM8115ArrIzq11 0.0000 0.0000 0.0000 0.0000 0.0000
MMM--MMM8115ArrIzq12 0.0000 0.0000 0.0000 0.0000 0.0000
MMM--MMM812AbaIzq1 187.0770 175.4054 175.8832 194.0200 0.0000
MMM--MMM812AbaIzq2 -0.9000 -0.9000 0.0000 156.3314 0.0000
MMM--MMM813AbaIzq1 182.5137 169.1125 159.4315 189.1396 0.0000
MMM--MMM813AbaIzq2 232.2703 31.7701 283.8728 266.4138 0.0000
MMM--MMM813ArrIzq1 -1.0000 -1.0000 29.7147 -1.0000 0.0000
MMM--MMM813ArrIzq2 -0.9990 -0.9990 -0.9999 -0.9990 0.0000
MMM--MMM814AbaIzq12 -0.9000 0.0000 -0.9000 0.0000 0.0000
MMM--MMM814AbaIzq22 0.0000 -0.9000 0.0000 0.0000 0.0000
MMM--MMM815AbaIzq1 -1.0000 -1.0000 -1.0000 -1.0000 0.0000
MMM--MMM815ArrIzq1 129.2453 128.8579 137.7726 126.8149 0.0000
MMM--MMM815ArrIzq11 0.0000 0.0000 0.0000 0.0000 0.0000
MMM--MMM815ArrIzq12 -0.9999 13.0946 65.8919 25.0638 0.0000
MMM--MMM816AbaIzq1 -1.0000 -1.0000 -1.0000 -1.0000 0.0000
MMM--MMM816Arr12 56.0877 90.7021 106.9771 12.2883 0.0000
MMM--MMM816ArrIzq12 55.3086 25.6323 106.9761 14.6349 0.0000
MMM--MMM817AbaIzq1 -1.0000 -1.0000 -1.0000 -1.0000 0.0000
MMM--MMM817AbaIzq12 0.0000 0.0000 0.0000 0.0000 0.0000
MMM--MMM817AbaIzq2 -0.9900 0.0000 0.0000 11.8788 0.0000
MMM--MMM817ArrIzq1 -1.0000 -1.0000 -1.0000 -1.0000 0.0000
MMM--MMM817ArrIzq11 -0.9966 -0.8500 -0.9775 -0.8500 0.0000
MMM--MMM817ArrIzq12 0.0000 -0.9000 0.0000 0.0000 0.0000
MMM--MMM818AbaIzq12 -0.9999 -0.9999 -0.9999 -0.9999 0.0000
MMM--MMM818AbaIzq22 -0.9990 -0.9990 -0.9990 -0.9990 0.0000
MMM--MMM818AbaIzq32 0.0000 0.0000 -0.9000 -0.9000 0.0000
MMM--MMM818Arr12 -1.0000 -0.9999 -1.0000 -0.9999 0.0000
MMM--MMM818Arr22 -1.0000 -1.0000 -1.0000 -1.0000 0.0000
MMM--MMM818ArrIzq12 0.0000 -0.9999 0.0000 0.0000 0.0000
MMM--MMM818ArrIzq22 0.0000 -0.9900 -0.9000 -0.9000 0.0000
MMM--MMM819AbaIzq12 -0.9900 -0.9900 -0.9900 127.9620 0.0000
MMM--MMM819AbaIzq22 -0.9000 -0.9000 -0.9900 -0.9900 0.0000
MMM--MMM819AbaIzq32 -0.9000 0.0000 -0.9000 0.0000 0.0000
MMM--MMM819ArrIzq11 -0.8500 0.0000 -0.8500 -0.8500 0.0000
MMM-F---681AbaDer1 -0.9900 -0.9000 179.1000 -0.9900 0.0000
MMM-F---681AbaDer2 0.0000 0.0000 332.3538 -0.9000 0.0000
MMM-F---8110ArrIzq32 0.0000 109.8017 0.0000 0.0000 0.0000
MMM-M--M6811AbaIzq1 -1.0000 -1.0000 -1.0000 130.7388 0.0000
MMM-M--M682AbaIzq2 -0.9000 0.0000 -0.9000 175.6971 0.0000
MMM-M--M6911AbaIzq1 -1.0000 -1.0000 -1.0000 -1.0000 0.0000
MMM-M--M7411AbaIzq1 -1.0000 14.9685 -1.0000 16.9131 0.0000
MMM-M--M7411AbaIzq2 -0.9990 -0.9990 -0.9990 -0.9990 0.0000
MMM-M--M7411AbaIzq3 -1.0000 -1.0000 -1.0000 -1.0000 0.0000
MMM-M--M7414AbaIzq1 -0.9000 0.0000 0.0000 -0.9000 0.0000
MMM-M--M8111AbaIzq1 -1.0000 -1.0000 -1.0000 -1.0000 0.0000
MMM-M--M8111AbaIzq2 -0.9990 -0.9990 -0.9990 -0.9990 0.0000
MMM-M--M8112AbaIzq1 -0.9900 -0.9000 -0.9900 -0.9900 0.0000
MMM-M--M8112AbaIzq12 -0.9000 -0.9000 -0.9000 -0.9000 0.0000
MMM-M--M8112AbaIzq2 -0.9998 -0.9990 -0.9998 -0.9999 0.0000
MMM-M--M8112AbaIzq21 -0.8500 -0.8500 -0.8500 -0.8500 0.0000
MMM-M--M8112AbaIzq22 207.5185 199.9585 188.2170 288.1093 0.0000
MMM-M--M8112AbaIzq32 -0.9000 -0.9900 -0.9000 -0.9000 0.0000
MMM-M--M8114ArrIzq1 -1.0000 -1.0000 -1.0000 -1.0000 0.0000
MMM-M--M8114ArrIzq11 0.0000 -0.8500 -0.8500 -0.8500 0.0000
MMM-M--M8114ArrIzq12 -0.9999 -0.9999 -0.9999 -0.9999 0.0000
MMM-M--M8115AbaIzq1 -0.9000 -0.9900 0.0000 -0.9900 0.0000
MMMC-MM-8110ArrIzq12 0.0000 0.0000 0.0000 182.0716 0.0000
MMMC-MM-814AbaIzq12 0.0000 0.0000 -0.9000 0.0000 0.0000
MMMC-MM-814AbaIzq22 400.6666 414.2833 124.3805 457.6240 0.0000
MMMC-MM-814ArrIzq12 166.1706 127.4040 129.2585 200.4800 0.0000
MMMC-MMM8111ArrIzq11 0.0000 0.0000 0.0000 91.3870 0.0000
MMMC-MMM813AbaIzq21 163.2347 284.6040 -0.9985 368.5930 0.0000
MMMC-MMM813ArrIzq11 63.2520 89.8645 64.8146 128.2064 0.0000
MMMC-MMM817AbaIzq21 0.0000 0.0000 0.0000 89.1000 0.0000
MMMF----681AbaIzq1 193.8258 170.1466 189.1394 199.0000 0.0000
MMMF----681AbaIzq2 -0.9900 332.8702 -0.9000 0.0000 0.0000
MMMF----691AbaIzq1 158.2000 124.2894 189.0729 199.0000 0.0000
MMMF-MMM741AbaIzq1 191.2301 156.3018 182.4380 199.0000 0.0000
MMMF-MMM741AbaIzq2 0.0000 0.0000 -0.9000 179.1000 0.0000
MMMF-MMM741AbaIzq3 -0.9000 -0.9000 -0.9000 0.0000 0.0000
MMMF-MMM8110Aba12 0.0000 0.0000 0.0000 197.0100 0.0000
MMMF-MMM8110Aba22 -0.9000 -0.9900 -0.9000 0.0000 0.0000
MMMF-MMM8110AbaIzq12 -0.9000 0.0000 0.0000 0.0000 0.0000
MMMF-MMM8110AbaIzq22 0.0000 -0.9000 0.0000 179.1000 0.0000
MMMF-MMM811AbaIzq1 193.6050 193.8917 138.7139 199.0000 0.0000
MMMF-MMM811AbaIzq2 258.5861 300.5968 286.8477 328.0538 0.0000
MMMF-MMM812Arr22 0.0000 0.0000 0.0000 280.8403 0.0000
MMMF-MMM813ArrIzq21 0.0000 -0.8500 0.0000 169.1500 0.0000
MMMF-MMM816Arr12 0.0000 0.0000 0.0000 179.1000 0.0000
MMMF-MMM816Arr22 14.6175 183.9806 125.3207 274.3373 0.0000
MMMF-MMM816ArrIzq22 128.0520 228.2477 -0.9000 218.3325 0.0000
MMMF-MMM817ArrIzq21 -0.8500 0.0000 0.0000 0.0000 0.0000
MMMM-M--689AbaDer1 -0.9990 -0.9990 -0.9990 -0.9900 0.0000
MMMM-M--7416Arr1 -0.9000 -0.9900 -0.9000 -0.9999 0.0000
MMMM-M--742Arr1 -1.0000 78.1920 -1.0000 -1.0000 0.0000
MMMM-MF-741Aba2 0.0000 179.1000 0.0000 -0.9000 0.0000
MMMM-MMM7417Aba1 0.0000 0.0000 0.0000 0.0000 0.0000
MMMM-MMM743Aba1 -1.0000 -1.0000 -1.0000 -1.0000 0.0000
MMMM-MMM8110Arr11 -0.8500 -0.9775 -0.8500 -0.8500 0.0000
MMMM-MMM8111Aba12 0.0000 -0.9000 -0.9000 0.0000 0.0000
MMMM-MMM8111AbaDer12 -0.9000 0.0000 0.0000 -0.9000 0.0000
MMMM-MMM8112Arr1 -0.9985 -0.9000 16.7547 -1.0000 0.0000
MMMM-MMM8114Arr1 89.8770 -0.9990 7.5484 -0.9000 0.0000
MMMM-MMM8114Arr11 0.0000 0.0000 0.0000 -0.8500 0.0000
MMMM-MMM8114Arr12 -0.9000 -0.9990 0.0000 -0.9000 0.0000
MMMM-MMM8116Arr1 -0.9900 -0.9000 -0.9000 -0.9000 0.0000
MMMM-MMM8116Arr11 0.0000 -0.8500 0.0000 0.0000 0.0000
MMMM-MMM8116Arr12 0.0000 0.0000 0.0000 -0.9000 0.0000
MMMM-MMM812Aba2 31.0958 235.2884 276.6098 242.9108 0.0000
MMMM-MMM812Arr1 -1.0000 14.2839 19.5238 -1.0000 0.0000
MMMM-MMM812Arr2 -0.9900 -0.9900 -0.9990 -0.9990 0.0000
MMMM-MMM814Aba1 -1.0000 -1.0000 -1.0000 -1.0000 0.0000
MMMM-MMM814Arr1 113.2348 11.5559 128.3171 122.5935 0.0000
MMMM-MMM814Arr11 0.0000 -0.8500 0.0000 -0.9775 0.0000
MMMM-MMM814Arr12 -0.9999 -0.9990 92.9548 -0.9000 0.0000
MMMM-MMM815Arr22 0.0000 0.0000 0.0000 0.0000 0.0000
MMMM-MMM816Arr1 -1.0000 -1.0000 -1.0000 -1.0000 0.0000
MMMM-MMM816Arr11 -0.8500 -0.8500 0.0000 0.0000 0.0000
MMMM-MMM816Arr12 0.0000 -0.9000 0.0000 0.0000 0.0000
MMMM-MMM817Arr12 83.5162 -1.0000 91.9158 76.7046 0.0000
MMMM-MMM817ArrDer12 75.1576 14.0095 95.1572 78.7327 0.0000
MMMM-MMM818Aba2 0.0000 0.0000 80.8835 -0.9900 0.0000
MMMM-MMM818Arr11 -0.8500 0.0000 -0.9775 -0.8500 0.0000
MMMM-MMM819Arr12 -0.9990 0.0000 -0.9999 -0.9990 0.0000
MMMM-MMM819Arr22 0.0000 0.0000 -0.9000 0.0000 0.0000
MMMM-MMM819ArrDer12 -0.9000 -1.0000 0.0000 -0.9000 0.0000
MMMM-MMM819ArrDer22 -1.0000 -1.0000 -1.0000 -1.0000 0.0000
