--------6810ArrDer1 -1.0000 -1.0000 -1.0000 -1.0000 0.0000
--------6810ArrIzq1 149.3061 -1.0000 -1.0000 -1.0000 0.0000
--------6811ArrDer1 -0.9999 -0.9999 -0.9999 -0.9999 0.0000
--------6811ArrIzq1 140.6943 -1.0000 -1.0000 -1.0000 0.0000
--------6812ArrDer1 -0.9900 -0.9900 -0.9990 -0.9900 0.0000
--------6812ArrIzq1 -1.0000 -1.0000 -1.0000 -1.0000 0.0000
--------6813ArrDer1 0.0000 0.0000 -0.9000 0.0000 0.0000
--------6813ArrIzq1 -1.0000 -1.0000 -1.0000 -1.0000 0.0000
--------6814ArrIzq1 -1.0000 -1.0000 -1.0000 -1.0000 0.0000
--------6815ArrIzq1 -1.0000 -1.0000 -1.0000 -1.0000 0.0000
--------682Arr1 -0.9000 -0.9000 0.0000 -0.9000 0.0000
--------682Arr2 -0.9000 -0.9900 325.8456 -0.9000 0.0000
--------683Arr1 -0.9000 -0.9000 -0.9000 0.0000 0.0000
--------683Arr2 -0.9990 -0.9900 83.6705 -0.9990 0.0000
--------683ArrDer1 -0.9990 -0.9900 -0.9900 -0.9990 0.0000
--------683ArrDer2 -0.9900 -0.9900 46.9949 -0.9900 0.0000
--------683ArrIzq1 189.1305 153.6853 -0.9900 158.2659 0.0000
--------683ArrIzq2 333.5659 269.9759 316.2454 316.0511 0.0000
--------684Arr1 -0.9000 -0.9900 -0.9000 -0.9000 0.0000
--------684Arr2 -1.0000 -0.9999 -0.9999 -0.9999 0.0000
--------684ArrDer1 -0.9999 -0.9999 -0.9999 -0.9990 0.0000
--------684ArrDer2 -1.0000 -1.0000 -1.0000 -1.0000 0.0000
--------684ArrIzq1 184.3567 152.3993 -1.0000 -1.0000 0.0000
--------684ArrIzq2 184.2329 -1.0000 310.9701 -1.0000 0.0000
--------685Arr1 0.0000 0.0000 -0.9000 -0.9000 0.0000
--------685Arr2 -1.0000 -1.0000 -1.0000 -1.0000 0.0000
--------685ArrDer1 -1.0000 -1.0000 -1.0000 -1.0000 0.0000
--------685ArrDer2 -1.0000 -1.0000 -1.0000 -1.0000 0.0000
--------685ArrIzq1 179.6688 153.9832 -1.0000 160.6849 0.0000
--------685ArrIzq2 299.3076 -1.0000 -1.0000 -1.0000 0.0000
--------686ArrDer1 -1.0000 -1.0000 -1.0000 -1.0000 0.0000
--------686ArrDer2 -1.0000 -1.0000 -1.0000 -1.0000 0.0000
--------686ArrIzq1 175.0763 164.4249 165.9961 175.0544 0.0000
--------686ArrIzq2 -1.0000 -1.0000 296.6746 -1.0000 0.0000
--------687ArrDer1 -1.0000 -1.0000 -1.0000 -1.0000 0.0000
--------687ArrDer2 -1.0000 -1.0000 -1.0000 -1.0000 0.0000
--------687ArrIzq1 167.7677 161.3058 161.8003 170.5748 0.0000
--------687ArrIzq2 -0.9999 -0.9999 -1.0000 -1.0000 0.0000
--------688ArrDer1 -1.0000 -1.0000 -1.0000 -1.0000 0.0000
--------688ArrDer2 -1.0000 -1.0000 -1.0000 -1.0000 0.0000
--------688ArrIzq1 -1.0000 140.7300 143.0872 166.1633 0.0000
--------688ArrIzq2 -0.9999 -0.9990 -0.9999 -0.9990 0.0000
--------689ArrDer1 -1.0000 -1.0000 -1.0000 -1.0000 0.0000
--------689ArrDer2 -0.9990 -0.9900 -0.9990 -0.9990 0.0000
--------689ArrIzq1 154.2061 -1.0000 63.8084 -1.0000 0.0000
--------689ArrIzq2 -0.9990 -0.9990 -0.9900 -0.9990 0.0000
--------6910ArrIzq1 48.5694 35.9808 126.1331 149.0010 0.0000
--------6911ArrIzq1 47.9913 31.5937 31.9469 136.7167 0.0000
--------6912ArrIzq1 117.8618 9.4531 2.6494 105.3013 0.0000
--------6913ArrIzq1 114.9232 10.1565 26.6516 8.0632 0.0000
--------6914ArrIzq1 15.3250 25.2952 101.7022 121.7918 0.0000
--------6915ArrIzq1 129.2327 46.1775 -1.0000 -1.0000 0.0000
--------693ArrIzq1 189.1377 -1.0000 126.3846 151.1884 0.0000
--------694ArrIzq1 5.5662 49.2401 -1.0000 146.8909 0.0000
--------695ArrIzq1 178.9106 42.4712 -1.0000 70.5874 0.0000
--------696ArrIzq1 175.0756 37.7521 153.2601 0.0076 0.0000
--------697ArrIzq1 -0.8657 -0.9488 26.0677 170.5659 0.0000
--------698ArrIzq1 165.5078 36.8245 137.5478 114.0436 0.0000
--------699ArrIzq1 159.8789 103.3063 37.0597 0.7844 0.0000
-----MMM6810ArrDer1 0.0000 0.0000 -0.9000 -0.9000 0.0000
-----MMM6810ArrDer2 -0.9900 -0.9900 -0.9900 -0.9900 0.0000
-----MMM6810ArrIzq1 -0.9990 -0.9900 -0.9900 -0.9990 0.0000
-----MMM6810ArrIzq2 -0.9990 -0.9990 -0.9900 -0.9900 0.0000
-----MMM6811ArrDer1 -0.9000 -0.9000 -0.9000 0.0000 0.0000
-----MMM6811ArrIzq1 -0.9999 -0.9999 -0.9999 -0.9999 0.0000
-----MMM6812ArrDer1 -0.9000 0.0000 0.0000 0.0000 0.0000
-----MMM6812ArrIzq1 -1.0000 -1.0000 -1.0000 -1.0000 0.0000
-----MMM6813ArrDer1 -0.9000 0.0000 -0.9000 0.0000 0.0000
-----MMM6813ArrIzq1 -1.0000 -1.0000 -1.0000 -1.0000 0.0000
-----MMM6814ArrIzq1 -1.0000 -1.0000 -1.0000 -1.0000 0.0000
-----MMM6815ArrIzq1 -1.0000 -1.0000 -1.0000 -1.0000 0.0000
-----MMM6816ArrIzq1 -1.0000 -1.0000 -1.0000 -1.0000 0.0000
-----MMM686Arr1 0.0000 0.0000 0.0000 -0.9000 0.0000
-----MMM686Arr2 -1.0000 -1.0000 -1.0000 -1.0000 0.0000
-----MMM687ArrDer1 -0.9900 -0.9900 -0.9000 -0.9900 0.0000
-----MMM687ArrDer2 -1.0000 -1.0000 -1.0000 -1.0000 0.0000
-----MMM687ArrIzq1 3.8292 -0.9990 -0.9990 -0.9900 0.0000
-----MMM687ArrIzq2 -1.0000 -1.0000 -1.0000 -1.0000 0.0000
-----MMM688ArrDer1 -0.9900 -0.9900 -0.9900 -0.9990 0.0000
-----MMM688ArrDer2 -0.9999 -0.9990 -0.9999 -0.9990 0.0000
-----MMM688ArrIzq1 -0.9900 -0.9000 -0.9000 -0.9990 0.0000
-----MMM688ArrIzq2 -0.9900 -0.9900 -0.9990 -0.9990 0.0000
-----MMM689ArrDer1 -0.9900 -0.9000 -0.9900 -0.9000 0.0000
-----MMM689ArrDer2 -0.9900 -0.9900 -0.9990 -0.9900 0.0000
-----MMM689ArrIzq1 60.2257 -0.9990 -0.9900 -0.9900 0.0000
-----MMM689ArrIzq2 -0.9900 -0.9000 -0.9900 -0.9900 0.0000
-----MMM6910ArrIzq1 -1.0000 -1.0000 -1.0000 -1.0000 0.0000
-----MMM6911ArrIzq1 45.2242 -1.0000 -1.0000 -1.0000 0.0000
-----MMM6912ArrIzq1 -1.0000 -1.0000 -1.0000 -1.0000 0.0000
-----MMM6913ArrIzq1 -1.0000 -1.0000 -1.0000 -1.0000 0.0000
-----MMM6914ArrIzq1 -1.0000 -1.0000 1.8592 -1.0000 0.0000
-----MMM6915ArrIzq1 128.8882 27.0800 89.9916 -1.0000 0.0000
-----MMM6916ArrIzq1 55.9354 74.2866 1.2880 104.8810 0.0000
-----MMM697ArrIzq1 -1.0000 -1.0000 -1.0000 -1.0000 0.0000
-----MMM698ArrIzq1 -1.0000 -1.0000 -1.0000 -1.0000 0.0000
-----MMM699ArrIzq1 -1.0000 -1.0000 -1.0000 -1.0000 0.0000
--F-----682ArrDer1 -0.9900 0.0000 -0.9000 -0.9000 0.0000
--F-----682ArrDer2 157.0662 -0.9000 -0.9000 48.6060 0.0000
--M-M--M6812ArrIzq1 -1.0000 -1.0000 -1.0000 100.0908 0.0000
--M-M--M6813ArrIzq1 -1.0000 -1.0000 -1.0000 -1.0000 0.0000
--M-M--M6814ArrIzq1 -1.0000 -1.0000 -1.0000 -1.0000 0.0000
--M-M--M6815ArrIzq1 -1.0000 -1.0000 -1.0000 -1.0000 0.0000
--M-M--M6816ArrIzq1 -1.0000 -1.0000 -1.0000 -1.0000 0.0000
--M-M--M683ArrIzq2 85.8306 104.8835 -0.9000 333.5499 0.0000
--M-M--M684ArrIzq2 324.6739 157.4687 -0.9900 325.8939 0.0000
--M-M--M685ArrIzq1 0.0000 0.0000 0.0000 -0.9000 0.0000
--M-M--M685ArrIzq2 318.3733 297.4730 295.6542 176.6676 0.0000
--M-M--M686ArrIzq1 -0.9000 0.0000 0.0000 0.0000 0.0000
--M-M--M686ArrIzq2 311.0023 294.9708 288.7524 247.3265 0.0000
--M-M--M687ArrIzq2 303.7809 289.7322 281.9685 288.7453 0.0000
--M-M--M6912ArrIzq1 -1.0000 -1.0000 7.3334 63.5998 0.0000
--M-M--M6913ArrIzq1 -1.0000 2.4415 -1.0000 -1.0000 0.0000
--M-M--M6914ArrIzq1 -1.0000 -1.0000 -1.0000 46.0913 0.0000
--M-M--M6915ArrIzq1 -1.0000 -1.0000 -1.0000 4.4814 0.0000
--M-M--M6916ArrIzq1 -1.0000 -1.0000 -1.0000 -1.0000 0.0000
--M-MMMM6817ArrIzq1 -1.0000 -1.0000 -1.0000 -1.0000 0.0000
--M-MMMM688ArrIzq2 296.7054 289.1231 288.2792 -1.0000 0.0000
--M-MMMM6917ArrIzq1 -1.0000 22.8733 -0.3469 97.9310 0.0000
-F------681Arr1 0.0000 -0.9000 0.0000 -0.9000 0.0000
-F------681Arr2 349.3821 275.0651 333.4081 -0.9000 0.0000
A 0.0000 0.0000 0.0000 0.0000 0.0000
F-------682ArrIzq1 -0.9000 165.8177 165.7511 194.0093 0.0000
F-------682ArrIzq2 313.6669 325.3820 306.1374 341.3943 0.0000
F-------692ArrIzq1 190.4380 -0.9000 89.4042 -0.9000 0.0000
M--M-M--6810ArrDer1 -0.9900 -0.9000 -0.9900 -0.9900 0.0000
M--M-M--6811ArrDer1 -0.9000 -0.9000 -0.9000 -0.9000 0.0000
M--M-M--6812ArrDer1 -0.9000 -0.9000 -0.9900 -0.9900 0.0000
M--M-M--6813ArrDer1 -0.9000 -0.9000 -0.9000 0.0000 0.0000
M--M-M--6814ArrDer1 -0.9000 0.0000 0.0000 -0.9000 0.0000
M--M-M--682Arr1 -0.9000 0.0000 181.9357 0.0000 0.0000
M--M-M--682Arr2 -0.9000 -0.9000 -0.9900 -0.9000 0.0000
M--M-M--683Arr1 0.0000 -0.9000 -0.9000 -0.9000 0.0000
M--M-M--683Arr2 -0.9900 -0.9900 -0.9900 -0.9000 0.0000
M--M-M--684Arr1 -0.9900 -0.9000 -0.9000 -0.9000 0.0000
M--M-M--684Arr2 -0.9000 -0.9900 -0.9000 -0.9000 0.0000
M--M-M--685Arr1 -0.9900 -0.9900 -0.9900 -0.9000 0.0000
M--M-M--685Arr2 -0.9000 -0.9000 -0.9900 -0.9000 0.0000
M--M-M--692Arr1 158.1998 -0.9000 -0.9900 -0.9000 0.0000
M--M-M--693Arr1 121.7005 -0.9990 -0.9900 -0.9990 0.0000
M--M-M--694Arr1 -0.9990 -0.9990 -0.9990 -0.9900 0.0000
M--M-M--695Arr1 -1.0000 -1.0000 -1.0000 -1.0000 0.0000
M--M-MMM686Arr1 -0.9900 -0.9900 -0.9900 -0.9900 0.0000
M--M-MMM686Arr2 -0.9000 0.0000 -0.9000 -0.9000 0.0000
M--M-MMM696Arr1 -1.0000 -1.0000 -1.0000 -1.0000 0.0000
MF-M-M--681Arr1 198.9998 0.0000 0.0000 0.0000 0.0000
MF-M-M--681Arr2 179.1000 -0.9000 0.0000 -0.9000 0.0000
MF-M-M--691Arr1 199.0000 0.0000 113.0035 128.0520 0.0000
MMM-----6810AbaIzq1 130.5928 -1.0000 -1.0000 149.3802 0.0000
MMM-----682AbaDer1 -0.9000 -0.9990 -0.9900 -0.9000 0.0000
MMM-----682AbaDer2 -0.9000 -0.9000 156.9762 -0.9000 0.0000
MMM-----682AbaIzq1 187.2383 181.6430 184.3568 194.0200 0.0000
MMM-----682AbaIzq2 -0.9000 -0.9000 -0.9900 -0.9000 0.0000
MMM-----683AbaDer1 -0.9900 -0.9900 -0.9900 -0.9900 0.0000
MMM-----683AbaDer2 -0.9990 -0.9000 -0.9900 -0.9900 0.0000
MMM-----683AbaIzq1 179.1657 179.4655 179.6696 189.1396 0.0000
MMM-----683AbaIzq2 -0.9000 -0.9000 -0.9900 -0.9900 0.0000
MMM-----684AbaDer1 -0.9000 -0.9000 -0.9900 -0.9000 0.0000
MMM-----684AbaDer2 -0.9900 -0.9900 -0.9900 -0.9990 0.0000
MMM-----684AbaIzq1 179.4890 175.0740 175.0745 184.3568 0.0000
MMM-----684AbaIzq2 -0.9900 -0.9900 -0.9900 -0.9900 0.0000
MMM-----685AbaDer1 -0.9000 -0.9000 -0.9000 -0.9000 0.0000
MMM-----685AbaIzq1 173.3155 -0.9999 169.1179 179.6697 0.0000
MMM-----686AbaDer1 -0.9000 -0.9000 -0.9000 -0.9000 0.0000
MMM-----686AbaIzq1 -1.0000 -1.0000 -1.0000 175.0240 0.0000
MMM-----687AbaDer1 0.0000 -0.9000 -0.9000 -0.9000 0.0000
MMM-----687AbaIzq1 156.0160 161.8400 151.8532 -1.0000 0.0000
MMM-----688AbaDer1 -0.9000 -0.9900 -0.9000 -0.9990 0.0000
MMM-----688AbaIzq1 152.6545 150.7043 149.3699 157.6032 0.0000
MMM-----689AbaIzq1 149.1960 143.2378 145.1994 153.4511 0.0000
MMM-----6910AbaIzq1 -1.0000 79.9430 -1.0000 -1.0000 0.0000
MMM-----692AbaIzq1 124.2945 184.2712 182.8843 194.0200 0.0000
MMM-----693AbaIzq1 -0.9999 112.6095 78.0908 189.1396 0.0000
MMM-----694AbaIzq1 168.7630 156.4153 6.6078 184.3568 0.0000
MMM-----695AbaIzq1 60.1885 47.8919 170.5434 179.6697 0.0000
MMM-----696AbaIzq1 43.5239 139.0363 37.3941 175.0763 0.0000
MMM-----697AbaIzq1 45.2472 -1.0000 -1.0000 170.5702 0.0000
MMM-----698AbaIzq1 -1.0000 -1.0000 -1.0000 165.9967 0.0000
MMM-----699AbaIzq1 -1.0000 104.6289 -1.0000 -1.0000 0.0000
MMM-F---681AbaDer1 -0.9900 -0.9000 179.1000 -0.9900 0.0000
MMM-F---681AbaDer2 0.0000 0.0000 332.3538 -0.9000 0.0000
MMM-M--M6811AbaIzq1 -1.0000 -1.0000 -1.0000 130.7388 0.0000
MMM-M--M682AbaIzq2 -0.9000 0.0000 -0.9000 175.6971 0.0000
MMM-M--M6911AbaIzq1 -1.0000 -1.0000 -1.0000 -1.0000 0.0000
MMMF----681AbaIzq1 193.8258 170.1466 189.1394 199.0000 0.0000
MMMF----681AbaIzq2 -0.9900 332.8702 -0.9000 0.0000 0.0000
MMMF----691AbaIzq1 158.2000 124.2894 189.0729 199.0000 0.0000
MMMM-M--689AbaDer1 -0.9990 -0.9990 -0.9990 -0.9900 0.0000
