--------10AbaIzq1 -0.9997 -0.9999 -0.9997 -0.9997 0.0000
--------10AbaIzq12 -0.9600 -0.9600 -0.9600 -0.9920 0.0000
--------10AbaIzq2 -0.9997 -0.9997 -0.9999 -0.9997 0.0000
--------10AbaIzq23 -0.8000 -0.9984 -0.8000 -0.8000 0.0000
--------10AbaIzq24 -0.9600 -0.9600 -0.9920 -0.9600 0.0000
--------10AbaIzq34 -0.9997 -0.9997 -0.9997 -0.9999 0.0000
--------10AbaIzq35 0.0000 0.0000 -0.8000 0.0000 0.0000
--------10ArrDer1 -1.0000 -1.0000 -1.0000 -1.0000 0.0000
--------10ArrDer12 -0.9920 -0.9920 -0.9984 -0.9984 0.0000
--------10ArrDer14 -0.8000 -0.8000 -0.8000 0.0000 0.0000
--------10ArrDer2 0.0000 0.0000 -0.8000 0.0000 0.0000
--------10ArrDer22 -0.9218 -0.9850 -0.9728 -0.9920 0.0000
--------10ArrDer24 -0.8000 0.0000 0.0000 0.0000 0.0000
--------10ArrDer32 -0.9600 -0.7439 -0.9758 -0.9965 0.0000
--------10ArrIzq1 -1.0000 -1.0000 -1.0000 -1.0000 0.0000
--------10ArrIzq12 -1.0000 -1.0000 -1.0000 -1.0000 0.0000
--------10ArrIzq2 -1.0000 -1.0000 -1.0000 -1.0000 0.0000
--------10ArrIzq22 -0.9958 -0.9976 -0.9999 -0.9973 0.0000
--------10ArrIzq24 -0.8000 -0.8000 -0.8000 -0.8000 0.0000
--------10ArrIzq32 -0.8000 -0.8000 -0.8000 -0.9920 0.0000
--------11AbaIzq2 -0.8000 -0.8000 -0.9600 -0.8000 0.0000
--------11AbaIzq23 -0.9600 -0.9600 -0.9600 -0.9600 0.0000
--------11AbaIzq24 -0.9600 -0.8000 -0.9600 -0.8000 0.0000
--------11AbaIzq34 -0.9984 30.8070 -0.9920 -0.9920 0.0000
--------11ArrDer1 -1.0000 -1.0000 -1.0000 -1.0000 0.0000
--------11ArrDer12 -0.9600 -0.8000 -0.8000 -0.8000 0.0000
--------11ArrDer14 -0.8000 0.0000 0.0000 0.0000 0.0000
--------11ArrDer2 0.0000 0.0000 0.0000 0.0000 0.0000
--------11ArrDer22 -0.9920 -0.9920 -0.9920 -0.9600 0.0000
--------11ArrDer32 -0.9984 -0.9920 -0.9981 -0.9984 0.0000
--------11ArrIzq1 -1.0000 -1.0000 -1.0000 -1.0000 0.0000
--------11ArrIzq12 -1.0000 -1.0000 -1.0000 -1.0000 0.0000
--------11ArrIzq2 -0.9999 -0.9999 -0.9999 -0.9997 0.0000
--------11ArrIzq22 15.1062 -1.0000 -1.0000 -1.0000 0.0000
--------11ArrIzq32 -0.8000 -0.9600 -0.9600 -0.8000 0.0000
--------12ArrDer1 -1.0000 -1.0000 -1.0000 -1.0000 0.0000
--------12ArrDer12 -0.8000 0.0000 -0.8000 0.0000 0.0000
--------12ArrIzq1 -1.0000 -1.0000 -1.0000 -1.0000 0.0000
--------12ArrIzq12 -1.0000 -1.0000 -1.0000 -1.0000 0.0000
--------12ArrIzq2 -0.8000 -0.8000 -0.8000 -0.8000 0.0000
--------12ArrIzq22 -0.9992 -1.0000 -1.0000 -1.0000 0.0000
--------12ArrIzq32 -0.9600 -0.8000 131.0644 -0.8000 0.0000
--------13ArrDer1 -1.0000 -1.0000 -1.0000 -1.0000 0.0000
--------13ArrIzq1 -1.0000 -1.0000 -1.0000 -1.0000 0.0000
--------13ArrIzq12 -0.9999 -1.0000 -1.0000 -1.0000 0.0000
--------14ArrIzq1 -1.0000 -1.0000 -1.0000 -1.0000 0.0000
--------14ArrIzq12 -1.0000 -0.9999 -0.9999 -1.0000 0.0000
--------15ArrIzq1 -1.0000 -1.0000 -1.0000 -1.0000 0.0000
--------15ArrIzq12 -0.9920 -0.9600 -0.9920 -0.9600 0.0000
--------16ArrIzq1 -0.9920 0.0000 0.0000 -0.8000 0.0000
--------17ArrIzq1 -0.8000 -0.9600 -0.9600 0.0000 0.0000
--------18ArrIzq1 0.0000 0.0000 0.0000 0.0000 0.0000
--------2AbaIzq2 -0.8000 98.3122 -0.8000 0.0000 0.0000
--------2AbaIzq3 -0.8000 -0.9600 -0.9600 206.8587 0.0000
--------2Arr1 -0.8000 0.0000 0.0000 0.0000 0.0000
--------2Arr2 73.6729 -0.9600 106.2408 84.8944 0.0000
--------3AbaIzq2 -0.8000 74.7425 27.2611 0.0000 0.0000
--------3AbaIzq3 81.0695 61.6668 -0.9999 165.7797 0.0000
--------3Arr2 83.6619 38.2724 -0.9984 56.4894 0.0000
--------3ArrDer1 -0.9920 -0.9920 -0.9920 -0.9920 0.0000
--------3ArrDer2 134.1435 67.0765 87.7110 80.6178 0.0000
--------3ArrIzq1 125.5060 78.5577 78.5575 125.5600 0.0000
--------3ArrIzq2 71.0846 62.6470 65.4735 125.4790 0.0000
--------3ArrIzq3 -0.9600 -0.9600 -0.9600 108.0314 0.0000
--------4AbaDer3 0.0000 0.0000 -0.8000 0.0000 0.0000
--------4AbaIzq1 -0.9600 -0.9984 -0.9984 -0.9600 0.0000
--------4AbaIzq2 -1.0000 -1.0000 -1.0000 64.8506 0.0000
--------4AbaIzq3 -1.0000 -0.9999 -1.0000 -1.0000 0.0000
--------4Arr2 65.0811 32.0777 32.2875 35.4497 0.0000
--------4ArrDer1 -0.9999 -0.9997 -0.9999 -0.9999 0.0000
--------4ArrDer2 49.2339 49.8377 49.8735 40.7708 0.0000
--------4ArrDer3 0.0000 16.9868 0.0000 0.0000 0.0000
--------4ArrIzq1 -1.0000 -1.0000 -1.0000 -1.0000 0.0000
--------4ArrIzq2 37.7532 50.0900 3.7246 98.8308 0.0000
--------4ArrIzq3 124.8624 -0.9997 -0.9997 -0.9997 0.0000
--------5AbaDer3 -0.7085 -0.8000 0.0000 -0.1249 0.0000
--------5AbaIzq1 -0.9993 -0.6222 -0.9997 -1.0000 0.0000
--------5AbaIzq12 -0.9600 -0.9600 -0.9600 -0.8000 0.0000
--------5AbaIzq2 -1.0000 -1.0000 -1.0000 -1.0000 0.0000
--------5AbaIzq22 101.4288 -0.9920 43.7480 -0.9920 0.0000
--------5AbaIzq3 -1.0000 2.0215 -1.0000 -1.0000 0.0000
--------5AbaIzq32 0.0000 0.0000 0.0000 -0.8000 0.0000
--------5Arr2 50.9393 -0.9999 -0.9999 -0.9999 0.0000
--------5ArrDer1 -1.0000 -1.0000 -1.0000 -1.0000 0.0000
--------5ArrDer2 25.5827 25.4793 47.3293 22.1583 0.0000
--------5ArrDer3 0.0000 0.6370 0.0000 5.8918 0.0000
--------5ArrIzq1 -1.0000 -1.0000 -1.0000 -1.0000 0.0000
--------5ArrIzq12 -0.9920 -0.9920 -0.9600 -0.9600 0.0000
--------5ArrIzq2 -1.0000 -1.0000 -1.0000 -1.0000 0.0000
--------5ArrIzq22 -0.9938 -0.9944 -0.9982 -0.9999 0.0000
--------5ArrIzq3 -0.9998 9.2469 -1.0000 82.6563 0.0000
--------5ArrIzq31 -0.8000 0.0000 -0.8000 -0.8000 0.0000
--------5ArrIzq32 38.1641 124.2973 34.6000 14.8630 0.0000
--------6AbaDer3 -0.8000 -0.5072 -0.9063 -0.8000 0.0000
--------6AbaDer32 -0.8000 -0.8000 -0.8000 -0.8000 0.0000
--------6AbaIzq1 -1.0000 -0.3479 -1.0000 -0.9999 0.0000
--------6AbaIzq12 -0.9600 -0.9600 -0.9600 -0.8000 0.0000
--------6AbaIzq2 -1.0000 -1.0000 -1.0000 -1.0000 0.0000
--------6AbaIzq21 0.0000 0.0000 -0.8000 -0.8000 0.0000
--------6AbaIzq22 -0.7593 25.5726 -0.9587 -0.8053 0.0000
--------6AbaIzq23 -0.8000 -0.9600 -0.8000 -0.9600 0.0000
--------6AbaIzq24 -0.9984 -0.9600 -0.9920 -0.9920 0.0000
--------6AbaIzq3 -0.9999 -0.9998 -0.9997 -0.9999 0.0000
--------6AbaIzq31 -0.8000 -0.8000 0.0000 -0.8000 0.0000
--------6AbaIzq32 15.7140 54.2552 39.6165 -1.0000 0.0000
--------6AbaIzq34 41.8446 -1.0000 72.2787 27.0479 0.0000
--------6ArrDer1 -1.0000 -1.0000 -1.0000 -1.0000 0.0000
--------6ArrDer2 25.3728 7.4558 20.7814 7.4558 0.0000
--------6ArrDer3 0.6658 0.0000 2.2454 0.0000 0.0000
--------6ArrIzq1 -1.0000 -0.8836 -0.7717 -1.0000 0.0000
--------6ArrIzq12 -0.9997 -0.9984 -0.9997 -0.9997 0.0000
--------6ArrIzq2 -1.0000 4.3287 10.2386 30.0255 0.0000
--------6ArrIzq22 -0.9999 -0.9997 -0.9882 -0.9997 0.0000
--------6ArrIzq24 -0.8000 -0.8000 -0.8000 0.0000 0.0000
--------6ArrIzq3 49.8838 -1.0000 -1.0000 -1.0000 0.0000
--------6ArrIzq31 -0.8000 -0.8000 0.0000 -0.8000 0.0000
--------6ArrIzq32 12.0147 10.8991 32.6501 77.1265 0.0000
--------7AbaDer21 -0.8000 0.0000 -0.8000 0.0000 0.0000
--------7AbaDer22 -0.9983 -0.9982 -0.9992 -0.9999 0.0000
--------7AbaDer24 -0.9984 -0.9920 -0.9920 -0.9920 0.0000
--------7AbaDer32 -0.9600 -0.9600 -0.9600 -0.9600 0.0000
--------7AbaDer34 -1.0000 3.7784 -1.0000 -1.0000 0.0000
--------7AbaDer35 0.0000 -0.8000 -0.8000 0.0000 0.0000
--------7AbaIzq1 -1.0000 -1.0000 -0.9999 -1.0000 0.0000
--------7AbaIzq12 -0.9600 -0.9920 -0.8000 -0.9600 0.0000
--------7AbaIzq2 -1.0000 -1.0000 -1.0000 -1.0000 0.0000
--------7AbaIzq21 0.0000 0.0000 0.0000 -0.8000 0.0000
--------7AbaIzq22 -0.9976 -0.9999 -0.9988 -1.0000 0.0000
--------7AbaIzq23 0.0000 -0.8000 0.0000 0.0000 0.0000
--------7AbaIzq24 -0.9600 -0.9920 -0.9600 -0.9920 0.0000
--------7AbaIzq3 -1.0000 -1.0000 -1.0000 -0.9107 0.0000
--------7AbaIzq31 0.0000 -0.8000 0.0000 -0.8000 0.0000
--------7AbaIzq32 6.8802 25.1114 -1.0000 13.7833 0.0000
--------7AbaIzq34 91.3350 -1.0000 52.5204 43.8248 0.0000
--------7AbaIzq35 0.0000 0.0000 0.0000 0.0000 0.0000
--------7ArrDer1 48.4454 18.9901 -1.0000 -1.0000 0.0000
--------7ArrDer12 -0.9600 -0.9920 -0.9600 -0.9600 0.0000
--------7ArrDer14 0.0000 0.0000 -0.8000 -0.8000 0.0000
--------7ArrDer2 -1.0000 -1.0000 -1.0000 -1.0000 0.0000
--------7ArrDer22 -0.8782 -0.9639 -0.9681 -0.9600 0.0000
--------7ArrDer23 -0.8000 -0.8000 -0.9600 0.0000 0.0000
--------7ArrDer24 -0.9600 -0.9600 -0.8000 -0.8000 0.0000
--------7ArrDer32 -0.9600 -0.9600 -0.9600 -0.9916 0.0000
--------7ArrDer34 -1.0000 -1.0000 56.5934 -0.9989 0.0000
--------7ArrIzq1 -0.9779 -0.9985 -0.9986 -0.9562 0.0000
--------7ArrIzq12 -1.0000 -1.0000 -1.0000 -1.0000 0.0000
--------7ArrIzq2 -1.0000 -1.0000 8.6856 10.7618 0.0000
--------7ArrIzq22 -0.9999 -1.0000 -0.9999 -0.9999 0.0000
--------7ArrIzq23 -0.8000 -0.8000 -0.9600 -0.8000 0.0000
--------7ArrIzq24 -0.8000 -0.8000 -0.8000 -0.8000 0.0000
--------7ArrIzq3 -0.9991 -0.9997 -1.0000 -0.2394 0.0000
--------7ArrIzq32 7.3529 25.2390 11.3091 68.7770 0.0000
--------7ArrIzq34 -1.0000 -1.0000 -1.0000 20.4444 0.0000
--------8AbaDer21 0.0000 -0.8000 -0.8000 0.0000 0.0000
--------8AbaDer22 -0.9871 -0.9965 -0.9934 -0.9984 0.0000
--------8AbaDer24 -0.9920 -0.9920 -0.9920 -0.9600 0.0000
--------8AbaDer32 -0.9600 -0.8000 -0.8000 -0.9600 0.0000
--------8AbaDer34 -0.9984 -0.9984 -0.9997 -0.9997 0.0000
--------8AbaIzq1 -1.0000 -1.0000 -1.0000 -1.0000 0.0000
--------8AbaIzq12 -0.9920 -0.9920 -0.9984 -0.9920 0.0000
--------8AbaIzq2 -1.0000 -1.0000 -1.0000 -1.0000 0.0000
--------8AbaIzq22 -0.9999 -1.0000 -1.0000 -0.9998 0.0000
--------8AbaIzq23 -0.8000 -0.8000 -0.8000 -0.9600 0.0000
--------8AbaIzq24 -0.9600 -0.9920 -0.9600 -0.9600 0.0000
--------8AbaIzq3 -1.0000 -1.0000 -1.0000 -1.0000 0.0000
--------8AbaIzq32 1.6129 34.4845 -1.0000 -0.4782 0.0000
--------8AbaIzq34 41.7218 -0.9977 -1.0000 -1.0000 0.0000
--------8ArrDer1 36.1962 -1.0000 15.3927 -1.0000 0.0000
--------8ArrDer12 -0.9997 -0.9997 -1.0000 -0.9999 0.0000
--------8ArrDer14 -0.9600 -0.8000 -0.8000 -0.9600 0.0000
--------8ArrDer2 -1.0000 -1.0000 -1.0000 -1.0000 0.0000
--------8ArrDer22 -0.9978 -0.9919 -0.9901 -0.9980 0.0000
--------8ArrDer24 -0.9600 -0.9600 -0.9600 -0.9600 0.0000
--------8ArrDer32 -0.9984 -0.9850 -0.9997 -0.9985 0.0000
--------8ArrIzq1 -0.9896 -0.9848 -0.9932 -0.9950 0.0000
--------8ArrIzq12 -1.0000 -1.0000 -1.0000 -1.0000 0.0000
--------8ArrIzq2 18.2559 -1.0000 -1.0000 -1.0000 0.0000
--------8ArrIzq22 -1.0000 -1.0000 -0.9987 -1.0000 0.0000
--------8ArrIzq23 -0.9600 -0.8000 -0.8000 -0.9600 0.0000
--------8ArrIzq24 -0.9920 -0.9920 -0.9920 -0.9984 0.0000
--------8ArrIzq3 -0.6915 -0.8000 -0.8000 -0.8875 0.0000
--------8ArrIzq32 16.1011 14.9391 15.3044 42.1347 0.0000
--------8ArrIzq34 -1.0000 -1.0000 -1.0000 -1.0000 0.0000
--------8ArrIzq35 124.4700 37.1684 76.7725 -0.8000 0.0000
--------8ArrIzq37 0.0000 -0.8000 0.0000 0.0000 0.0000
--------9AbaIzq1 -1.0000 -1.0000 -1.0000 -1.0000 0.0000
--------9AbaIzq12 -0.9984 -0.9997 -0.9984 -0.9920 0.0000
--------9AbaIzq2 -1.0000 -1.0000 -1.0000 -1.0000 0.0000
--------9AbaIzq22 -0.9999 -0.9999 -0.9999 -0.9999 0.0000
--------9AbaIzq23 -0.8000 -0.9600 -0.9600 -0.9600 0.0000
--------9AbaIzq24 -0.9920 -0.9984 -0.9920 -0.9984 0.0000
--------9AbaIzq3 -1.0000 -1.0000 -1.0000 -1.0000 0.0000
--------9AbaIzq32 -1.0000 30.2196 7.4786 7.4387 0.0000
--------9AbaIzq34 -1.0000 -1.0000 -0.9925 -1.0000 0.0000
--------9ArrDer1 18.4337 -1.0000 -1.0000 -1.0000 0.0000
--------9ArrDer12 -0.9997 -0.9997 -0.9997 -0.9984 0.0000
--------9ArrDer14 -0.8000 -0.8000 -0.8000 -0.9600 0.0000
--------9ArrDer2 -1.0000 -1.0000 -1.0000 -1.0000 0.0000
--------9ArrDer22 -0.9897 -0.9886 -0.9899 -0.9847 0.0000
--------9ArrDer24 -0.9600 -0.8000 -0.9600 -0.8000 0.0000
--------9ArrDer32 -0.9997 -0.9997 -0.9994 -0.9997 0.0000
--------9ArrDer35 -0.8000 -0.8000 -0.8000 -0.8000 0.0000
--------9ArrIzq1 -0.9998 -0.9997 -1.0000 -0.9999 0.0000
--------9ArrIzq12 -1.0000 -1.0000 -1.0000 -1.0000 0.0000
--------9ArrIzq2 -1.0000 -1.0000 -1.0000 -1.0000 0.0000
--------9ArrIzq22 -0.9999 -1.0000 -1.0000 -1.0000 0.0000
--------9ArrIzq23 0.0000 -0.8000 -0.8000 -0.8000 0.0000
--------9ArrIzq24 -0.9920 -0.9984 -0.9920 -0.9920 0.0000
--------9ArrIzq3 -0.8000 -0.8000 -0.8000 -0.8000 0.0000
--------9ArrIzq32 10.3979 -1.0000 -1.0000 -0.9968 0.0000
--------9ArrIzq34 -0.9999 -1.0000 -1.0000 -0.9999 0.0000
--------9ArrIzq35 -0.9920 61.0962 55.6374 98.5053 0.0000
--------9ArrIzq37 0.0000 -0.8000 0.0000 0.0000 0.0000
--------AbaDer22 0.0000 7.0400 0.0000 0.0000 0.0000
--------AbaDer23 0.0000 0.0000 0.0000 132.0059 0.0000
--------AbaDer32 4.9113 3.2212 0.0000 0.0000 -0.8000
--------AbaDer4 -0.8000 -1.5465 0.0000 0.0000 0.0000
--------AbaDer5 -1.4720 -1.0880 -0.9600 -1.4348 -1.4720
--------AbaDer6 -1.3498 -1.4720 -1.5789 -1.5040 -1.4720
--------AbaDer7 -1.3120 -1.4864 -1.3120 -0.8000 -0.8000
--------AbaIzq10 -4.2361 -4.1535 -4.1397 -4.1564 -4.1666
--------AbaIzq102 -1.6064 -2.0429 -1.5744 -2.0570 -2.0365
--------AbaIzq112 -1.4720 -1.9021 -0.9600 -1.9021 -1.4720
--------AbaIzq21 43.1669 0.0000 0.0000 0.0000 0.0000
--------AbaIzq22 -0.8000 98.8555 60.9367 13.7045 35.8535
--------AbaIzq23 83.3280 25.1242 -1.4029 208.2711 -0.8000
--------AbaIzq31 0.0000 0.0000 45.9050 0.0000 0.0000
--------AbaIzq32 16.6343 78.7864 36.7244 38.4434 58.8423
--------AbaIzq33 37.8219 -1.7793 -2.4325 151.6427 -1.6064
--------AbaIzq4 39.5045 30.3170 37.4896 65.0172 26.4107
--------AbaIzq41 51.0523 0.0000 -0.8000 0.0000 0.0000
--------AbaIzq42 0.0000 11.6430 28.4606 61.9032 -0.0207
--------AbaIzq43 -2.2657 77.6940 40.2391 105.1518 10.8644
--------AbaIzq5 1.6998 20.1405 41.4314 50.7983 24.4289
--------AbaIzq51 0.0000 0.0000 -0.8000 -0.8000 -0.8000
--------AbaIzq52 -0.8000 0.0000 0.0000 46.4421 10.9705
--------AbaIzq53 -2.7798 -2.8560 -3.2042 79.4773 -3.0374
--------AbaIzq6 15.7490 13.4763 -1.2175 39.7059 27.4881
--------AbaIzq61 -0.8000 0.0000 -0.8000 -0.8000 0.0000
--------AbaIzq62 -1.5744 -2.4063 -1.4720 -0.3851 -0.9920
--------AbaIzq63 -3.0435 -3.0299 -3.0754 55.4977 -3.3916
--------AbaIzq7 7.3571 -3.6258 -3.3893 -3.4036 -3.0601
--------AbaIzq71 -0.8000 0.0000 -0.8000 -0.8000 0.0000
--------AbaIzq72 -1.6064 -2.2946 -1.7997 -1.5322 -2.0365
--------AbaIzq73 -2.9231 -3.3370 -3.2422 -3.1007 -3.2435
--------AbaIzq8 -3.8197 -3.9936 15.7703 37.8600 28.9333
--------AbaIzq81 -0.8000 17.9030 -0.8000 0.0000 -0.8000
--------AbaIzq82 -1.3120 -2.1305 -1.9021 -1.4720 -1.4720
--------AbaIzq83 -2.6913 -2.8199 -2.9126 -3.2179 -2.9089
--------AbaIzq9 -4.0993 -3.9973 -4.1770 28.3064 -4.0263
--------AbaIzq91 0.0000 -0.8000 0.0000 -0.8000 -0.8000
--------AbaIzq92 -1.9341 -1.5949 -1.5744 -1.5322 -1.7088
--------AbaIzq93 -2.8286 -2.9493 -2.6063 -2.4823 -2.5106
--------Arr2 0.0000 0.0000 100.1232 -1.3120 0.0000
--------Arr21 0.0000 0.0000 95.4700 0.0000 0.0000
--------Arr22 168.6727 -1.3120 -1.9922 -1.7421 -1.4720
--------Arr3 0.0000 -0.8000 72.7970 0.0000 0.0000
--------Arr31 -0.8000 0.0000 0.0000 0.0000 0.0000
--------Arr32 131.8605 -2.1031 -2.0383 -1.6121 -1.6064
--------Arr4 -0.8000 -0.8000 55.9666 -0.8000 -0.8000
--------Arr42 97.3439 -2.5274 18.5589 -2.1765 -2.5106
--------Arr5 -0.8000 -0.8000 51.1316 -1.7421 37.9757
--------Arr52 73.6492 -2.4428 -2.3672 -2.7158 -2.5106
--------ArrDer10 6.6976 -3.5269 -3.4884 -3.4925 -3.5808
--------ArrDer101 -1.3120 -1.4720 -1.4720 -1.4720 -1.4720
--------ArrDer11 -3.6186 -3.2605 -3.3667 -3.5630 -3.2435
--------ArrDer111 -1.4720 -1.4720 -1.4720 -0.8000 -1.4720
--------ArrDer12 -3.3177 -3.2164 -3.2180 -3.6257 -3.2435
--------ArrDer121 -1.4720 -0.8000 -0.8000 -0.8000 -0.8000
--------ArrDer13 -3.5891 -3.6155 -3.5266 -3.4621 -3.6434
--------ArrDer131 0.0000 0.0000 -0.8000 0.0000 0.0000
--------ArrDer3 -0.9997 -1.9986 131.9921 -1.4720 -1.7766
--------ArrDer32 -1.5040 -1.7948 87.0208 -1.4720 -2.0365
--------ArrDer4 -1.1480 -2.0365 -1.7398 -1.7948 -2.0365
--------ArrDer41 0.0000 0.0000 -0.8000 0.0000 0.0000
--------ArrDer42 16.9599 -2.1494 -2.0452 -2.4223 -2.0365
--------ArrDer5 -1.7152 -2.0409 -1.9610 -1.7291 -1.4720
--------ArrDer51 0.0000 -0.8000 -0.8000 0.0000 -0.8000
--------ArrDer52 -2.2715 -2.4426 -2.4548 -2.6656 -2.1494
--------ArrDer6 -1.9550 -1.5350 -1.6768 -1.8650 -2.0365
--------ArrDer61 -0.8000 -1.3120 -0.8000 -0.8000 0.0000
--------ArrDer62 -2.6505 -2.5163 -2.4902 -2.5960 -2.4857
--------ArrDer7 -3.2350 -3.2474 -3.0444 12.6434 -3.2162
--------ArrDer71 -0.9600 -0.8000 -0.8000 -0.8000 -1.4720
--------ArrDer72 -2.2521 -2.4300 -2.3558 -2.6850 -2.5106
--------ArrDer8 -3.2119 -3.0268 -3.0070 21.6343 -3.1862
--------ArrDer81 -0.8000 -0.8000 -0.9600 -1.3120 -0.8000
--------ArrDer82 -2.3855 -2.8617 -2.7451 -2.3313 -2.6646
--------ArrDer9 0.6575 -3.4492 -3.1216 -3.3264 -3.2704
--------ArrDer91 -1.4720 -0.9600 -1.4720 -1.5040 -1.4720
--------ArrDer92 -2.1356 -2.5917 -2.5154 -2.3153 -2.2354
--------ArrIzq10 54.3848 -4.2616 -4.2885 -4.1766 13.3481
--------ArrIzq101 -2.4360 -2.9253 -2.4483 20.2500 -3.4855
--------ArrIzq102 -1.9551 -2.0900 -1.7562 -2.2268 -2.0365
--------ArrIzq11 -4.2868 -4.1355 -4.0505 -4.2581 -4.2055
--------ArrIzq111 6.2353 -4.1917 -4.6257 -2.3584 -3.4037
--------ArrIzq112 -2.0201 -1.6333 -1.6143 -2.1625 -2.0365
--------ArrIzq12 -3.9861 -3.8840 -4.0283 -4.0461 -3.9642
--------ArrIzq121 -3.7364 -4.5864 -4.6082 -4.5866 -4.6302
--------ArrIzq122 -1.9881 -1.4720 -1.4720 -1.4144 -1.4720
--------ArrIzq13 -4.0107 -4.0298 -4.0558 -3.9560 -3.9502
--------ArrIzq131 -4.6530 -4.5619 -4.5502 -4.6253 -4.6034
--------ArrIzq14 -4.0066 -4.2340 -4.1276 -4.1407 -4.1462
--------ArrIzq141 -4.5477 -4.5439 -4.5589 -4.5793 -4.5265
--------ArrIzq15 -4.1696 -4.3109 -4.2443 -4.2643 -4.2654
--------ArrIzq151 -4.5608 -4.5293 -4.5530 -4.5649 -4.4907
--------ArrIzq3 128.0134 81.4355 79.0490 74.4909 100.2446
--------ArrIzq31 125.5600 77.9168 77.9173 49.9253 95.4109
--------ArrIzq32 79.0182 77.9913 78.7700 125.9399 98.0058
--------ArrIzq33 140.3605 104.2959 103.8399 165.9063 129.7868
--------ArrIzq4 104.3212 63.0568 60.6184 37.9286 79.0542
--------ArrIzq41 2.1776 -0.4635 2.1512 -0.4722 -3.9639
--------ArrIzq42 93.2572 62.0367 61.9907 99.7520 64.7566
--------ArrIzq43 92.8122 82.4132 82.2592 131.7240 99.8529
--------ArrIzq5 50.1218 24.8037 21.6161 34.8659 -2.8868
--------ArrIzq51 3.9720 -1.6705 -1.8199 0.3931 -3.7600
--------ArrIzq52 48.0807 48.3540 47.4128 78.8016 51.5720
--------ArrIzq53 66.0202 62.0179 63.5289 104.3616 -2.6282
--------ArrIzq6 37.6112 3.8987 12.4022 12.0686 19.4907
--------ArrIzq61 -1.0424 -1.7685 4.6539 -2.3183 -3.9205
--------ArrIzq62 9.9973 -3.0362 1.6604 61.9778 10.2418
--------ArrIzq63 -2.7495 -2.7754 -2.9564 82.4058 -3.1284
--------ArrIzq7 11.0654 7.5443 12.0160 -3.9937 -3.8925
--------ArrIzq71 9.0029 -1.6185 -0.6407 -1.4935 -3.9020
--------ArrIzq72 -2.7776 -2.7746 -2.8387 3.4428 0.8678
--------ArrIzq73 30.9418 39.7955 18.1798 -3.1008 18.4219
--------ArrIzq8 20.9737 -3.7637 13.8039 12.7334 10.7646
--------ArrIzq81 -3.8449 -1.9925 -2.2762 -1.5264 -3.7947
--------ArrIzq82 -2.0147 -2.5765 -2.5624 -3.0437 -2.9089
--------ArrIzq9 73.3175 35.4126 -0.1524 14.2712 36.5575
--------ArrIzq91 27.1544 -2.2285 5.7303 -2.1886 -2.1718
--------ArrIzq92 -2.9154 -2.1879 -2.0562 -2.2356 -2.3796
-------C6AbaIzq35 -0.8000 -0.8000 -0.8000 0.0000 0.0000
-------CAbaIzq6 0.0000 0.0000 -0.8000 29.4060 0.0000
-------CArrIzq6 -1.0406 -0.8000 -0.8000 -0.6253 0.0000
-------FAbaDer23 -0.8000 0.0000 0.0000 0.0000 0.0000
-------M11AbaIzq1 -0.9984 -0.9984 -0.9984 -0.9997 0.0000
-------M11AbaIzq12 -0.9600 -0.9600 -0.9600 -0.9920 0.0000
-------M5AbaDer3 -0.8000 -0.8000 -0.9600 -0.8000 0.0000
-------M8AbaIzq32 -0.8000 -0.8000 -0.9600 -0.9920 0.0000
-------M9ArrIzq1 -0.3796 -0.9600 -0.9920 -0.8000 0.0000
-------M9ArrIzq12 -0.9920 -0.9920 -0.9600 -0.8000 0.0000
-------M9ArrIzq2 -0.9600 -0.9600 -0.9920 -0.9920 0.0000
-------M9ArrIzq22 -0.9997 -0.9997 -0.9997 -0.9999 0.0000
-------MAbaDer5 -0.4297 -0.8000 -0.8000 -0.5853 -0.8000
-------MAbaIzq11 -0.9600 -1.4349 -0.8000 -1.4144 -0.8000
-------MArrIzq9 -4.0423 -1.0359 -4.0175 -4.0814 -3.9589
------F-1Aba3 0.0000 190.2641 0.0000 0.0000 0.0000
------F-Aba13 0.0000 0.0000 0.0000 -0.8000 0.0000
------MM10ArrIzq1 -0.9920 -0.8000 -0.9600 -0.9600 0.0000
------MM10ArrIzq12 -0.8000 -0.9600 -0.9920 -0.9600 0.0000
------MM10ArrIzq2 -0.9600 -0.9600 -0.9600 -0.9600 0.0000
------MM10ArrIzq22 -0.9984 -0.9984 -0.9984 -0.9984 0.0000
------MM12AbaIzq1 -0.9984 -0.9920 -0.9920 -0.9984 0.0000
------MM12AbaIzq12 -0.9600 -0.8000 -0.9600 -0.9600 0.0000
------MM4AbaDer3 -0.9600 -0.8000 -0.8000 -0.8000 0.0000
------MM9AbaIzq32 -0.9600 -0.9920 -0.9600 -0.9600 0.0000
------MMAbaDer4 -1.3120 -1.4720 -0.8000 -0.9600 -1.4720
------MMAbaIzq12 -0.8000 0.0000 0.0000 -0.8000 0.0000
------MMArrIzq10 -4.1346 -3.9986 -4.2478 -4.0494 -3.9890
-----F--2AbaIzq2 -0.8000 152.0034 0.0000 0.0000 0.0000
-----F--2AbaIzq3 0.0000 208.0132 -0.8000 0.0000 0.0000
-----F--AbaIzq23 112.6019 207.8849 0.0000 -0.8000 115.8922
-----MMM10AbaIzq23 -0.8000 -0.8000 -0.8000 -0.9600 0.0000
-----MMM10AbaIzq24 -0.8000 0.0000 0.0000 -0.8000 0.0000
-----MMM10AbaIzq32 -0.9600 -0.9600 -0.9600 -0.9600 0.0000
-----MMM10AbaIzq34 -0.9997 -0.9997 -0.9997 -0.9984 0.0000
-----MMM10AbaIzq35 -0.8000 -0.8000 34.6786 0.0000 0.0000
-----MMM10AbaIzq37 0.0000 -0.8000 -0.8000 0.0000 0.0000
-----MMM10ArrDer1 -1.0000 -1.0000 -1.0000 -1.0000 0.0000
-----MMM10ArrDer2 -1.0000 -1.0000 -1.0000 -1.0000 0.0000
-----MMM10ArrDer22 -0.8534 -0.8000 -0.8885 -0.9569 0.0000
-----MMM10ArrDer24 -0.8000 -0.8000 -0.9600 -0.8000 0.0000
-----MMM10ArrDer32 -0.9600 -0.9600 -0.9532 -0.9600 0.0000
-----MMM10ArrIzq1 -1.0000 -1.0000 -1.0000 -1.0000 0.0000
-----MMM10ArrIzq12 -0.9999 -0.9999 -0.9997 -0.9999 0.0000
-----MMM10ArrIzq2 -1.0000 -1.0000 -1.0000 -1.0000 0.0000
-----MMM10ArrIzq22 -0.9996 -1.0000 -1.0000 -1.0000 0.0000
-----MMM10ArrIzq23 -0.8000 0.0000 0.0000 0.0000 0.0000
-----MMM10ArrIzq24 -0.8000 -0.8000 -0.8000 -0.9600 0.0000
-----MMM10ArrIzq3 -0.8000 -0.9920 -0.8000 -0.8000 0.0000
-----MMM10ArrIzq32 7.4630 -1.0000 -1.0000 -1.0000 0.0000
-----MMM10ArrIzq34 -0.9999 -0.9999 -1.0000 -0.9999 0.0000
-----MMM10ArrIzq35 77.7350 60.9501 45.4888 24.0017 0.0000
-----MMM10ArrIzq37 -0.8000 -0.9600 -0.9600 -0.9600 0.0000
-----MMM11AbaIzq23 -0.9920 -0.9600 -0.9600 -0.9920 0.0000
-----MMM11AbaIzq24 -0.9600 -0.9600 -0.9600 -0.9920 0.0000
-----MMM11AbaIzq34 -0.9984 -0.9984 -0.9984 -0.9920 0.0000
-----MMM11ArrDer1 -1.0000 -1.0000 -1.0000 -1.0000 0.0000
-----MMM11ArrDer12 -0.8000 0.0000 0.0000 -0.8000 0.0000
-----MMM11ArrDer22 -0.9600 -0.9600 -0.9866 -0.9600 0.0000
-----MMM11ArrDer32 -0.9465 -0.8000 -0.9600 -0.9600 0.0000
-----MMM11ArrIzq1 -1.0000 -1.0000 -1.0000 -1.0000 0.0000
-----MMM11ArrIzq12 -1.0000 -1.0000 -0.9999 -1.0000 0.0000
-----MMM11ArrIzq2 -1.0000 -1.0000 -1.0000 -1.0000 0.0000
-----MMM11ArrIzq22 -0.9742 -0.9674 -1.0000 -1.0000 0.0000
-----MMM11ArrIzq24 -0.8000 -0.8000 -0.8000 -0.8000 0.0000
-----MMM11ArrIzq32 -0.8000 0.0000 -0.9600 -0.8000 0.0000
-----MMM12AbaIzq23 -0.9600 -0.9600 -0.9600 -0.9600 0.0000
-----MMM12AbaIzq24 -0.8000 -0.9600 -0.9600 49.7280 0.0000
-----MMM12AbaIzq34 -0.9600 -0.9600 -0.9600 117.4088 0.0000
-----MMM12ArrDer1 -1.0000 -1.0000 -1.0000 -1.0000 0.0000
-----MMM12ArrDer12 0.0000 0.0000 -0.8000 0.0000 0.0000
-----MMM12ArrDer22 -0.9600 -0.9920 -0.8161 -0.9920 0.0000
-----MMM12ArrDer32 -0.9920 -0.9920 -0.9984 -0.9984 0.0000
-----MMM12ArrIzq1 -1.0000 -1.0000 -1.0000 -1.0000 0.0000
-----MMM12ArrIzq12 -0.9984 -0.9920 -0.9984 -0.9984 0.0000
-----MMM12ArrIzq2 -0.9920 -0.9600 -0.9920 -0.9984 0.0000
-----MMM12ArrIzq22 -0.9876 -1.0000 -1.0000 -1.0000 0.0000
-----MMM12ArrIzq32 -0.9920 -0.9600 -0.9920 -0.9600 0.0000
-----MMM13AbaIzq1 -0.9984 -0.9920 -0.9984 -0.9984 0.0000
-----MMM13AbaIzq12 -0.8000 -0.8000 -0.9920 -0.9920 0.0000
-----MMM13ArrDer1 -1.0000 -1.0000 -1.0000 -1.0000 0.0000
-----MMM13ArrIzq1 -1.0000 -1.0000 -1.0000 -1.0000 0.0000
-----MMM13ArrIzq12 -0.9920 -0.9600 -0.9984 -0.9984 0.0000
-----MMM13ArrIzq2 -0.8000 -0.8000 -0.8000 -0.8000 0.0000
-----MMM13ArrIzq22 -0.9262 -1.0000 -1.0000 -1.0000 0.0000
-----MMM13ArrIzq32 79.3769 -0.9920 -0.9920 -0.9984 0.0000
-----MMM14ArrDer1 -1.0000 -1.0000 -1.0000 -1.0000 0.0000
-----MMM14ArrIzq1 -1.0000 -1.0000 -1.0000 -1.0000 0.0000
-----MMM14ArrIzq12 -0.9984 -0.9920 -0.9920 -0.9920 0.0000
-----MMM15ArrIzq1 -1.0000 -1.0000 -1.0000 -1.0000 0.0000
-----MMM15ArrIzq12 -0.9920 -0.9984 -0.9984 -0.9920 0.0000
-----MMM16ArrIzq1 -1.0000 -1.0000 -1.0000 -1.0000 0.0000
-----MMM16ArrIzq12 -0.9920 -0.9600 -0.9920 -0.9920 0.0000
-----MMM17ArrIzq1 0.0000 0.0000 0.0000 0.0000 0.0000
-----MMM18ArrIzq1 -0.8000 0.0000 0.0000 0.0000 0.0000
-----MMM19ArrIzq1 -0.8000 -0.8000 0.0000 0.0000 0.0000
-----MMM2Arr3 -0.8000 0.0000 0.0000 -0.8000 0.0000
-----MMM3AbaDer3 -0.8000 -0.8000 0.0000 -0.8000 0.0000
-----MMM3ArrDer3 -0.8000 -0.8000 0.0000 0.0000 0.0000
-----MMM3ArrIzq3 -0.8000 -0.8000 -0.8000 -0.9600 0.0000
-----MMM4ArrIzq3 -0.9600 -0.9600 -0.9920 -0.9920 0.0000
-----MMM5ArrIzq2 4.8967 0.0000 3.6043 0.0000 0.0000
-----MMM5ArrIzq3 -0.9999 -0.9997 -0.9997 -0.9997 0.0000
-----MMM6Arr2 -1.0000 14.3486 24.1232 -1.0000 0.0000
-----MMM6ArrIzq1 -0.9600 -0.9600 -0.9600 -0.9920 0.0000
-----MMM6ArrIzq2 -1.0000 -1.0000 -1.0000 -1.0000 0.0000
-----MMM6ArrIzq22 -0.6271 0.0000 -0.8000 0.0000 0.0000
-----MMM6ArrIzq3 53.9779 -1.0000 -1.0000 -1.0000 0.0000
-----MMM6ArrIzq31 0.0000 0.0000 -0.8000 -0.8000 0.0000
-----MMM6ArrIzq32 93.4125 -0.9600 74.0209 167.4453 0.0000
-----MMM7ArrDer2 -1.0000 -1.0000 -1.0000 -1.0000 0.0000
-----MMM7ArrIzq1 -1.0000 -1.0000 -1.0000 -1.0000 0.0000
-----MMM7ArrIzq12 -0.8000 -0.8000 -0.8000 -0.8000 0.0000
-----MMM7ArrIzq2 -1.0000 -1.0000 -1.0000 -1.0000 0.0000
-----MMM7ArrIzq22 -0.9999 -0.9999 2.0743 -0.9999 0.0000
-----MMM7ArrIzq3 -1.0000 -1.0000 -1.0000 -1.0000 0.0000
-----MMM7ArrIzq31 -0.8000 -0.8000 -0.8000 -0.8000 0.0000
-----MMM7ArrIzq32 27.8993 -0.9600 -0.9920 127.6455 0.0000
-----MMM8ArrDer1 -0.8000 -0.8000 0.0000 0.0000 0.0000
-----MMM8ArrDer2 -0.9984 -0.9984 -0.9997 -0.9984 0.0000
-----MMM8ArrIzq1 -0.9669 -1.0000 -1.0000 -1.0000 0.0000
-----MMM8ArrIzq12 -0.8000 -0.8000 -0.9600 -0.8000 0.0000
-----MMM8ArrIzq2 -1.0000 -1.0000 -1.0000 -1.0000 0.0000
-----MMM8ArrIzq22 -0.9997 -0.9986 -0.9997 -1.0000 0.0000
-----MMM8ArrIzq3 -0.9955 -1.0000 -0.9937 -0.9984 0.0000
-----MMM8ArrIzq31 0.0000 0.0000 0.0000 -0.8000 0.0000
-----MMM8ArrIzq32 30.1880 -0.9920 7.3888 -0.9920 0.0000
-----MMM9ArrDer1 -0.8000 -0.8000 0.0000 -0.8000 0.0000
-----MMM9ArrDer2 -0.9600 -0.9920 -0.9600 -0.9920 0.0000
-----MMM9ArrIzq1 -1.0000 -1.0000 -0.9873 -1.0000 0.0000
-----MMM9ArrIzq12 -0.9920 -0.9600 -0.9920 -0.9600 0.0000
-----MMM9ArrIzq2 -1.0000 -1.0000 -1.0000 -1.0000 0.0000
-----MMM9ArrIzq22 -1.0000 -0.9999 -1.0000 -0.9997 0.0000
-----MMM9ArrIzq23 0.0000 0.0000 0.0000 -0.8000 0.0000
-----MMM9ArrIzq3 -0.6128 -0.9600 -0.8000 -0.9845 0.0000
-----MMM9ArrIzq32 28.6985 7.0557 -0.9999 -1.0000 0.0000
-----MMM9ArrIzq34 -0.9999 -0.9999 -0.9999 -0.9999 0.0000
-----MMM9ArrIzq35 -0.9600 -0.8000 60.8142 -0.9600 0.0000
-----MMM9ArrIzq37 -0.8000 -0.8000 -0.9600 -0.8000 0.0000
-----MMMAbaDer3 -0.8000 -0.8000 0.0000 -0.8000 0.0000
-----MMMAbaIzq13 0.0000 -0.8000 0.0000 -0.8000 -0.8000
-----MMMArr23 208.1805 0.0000 0.0000 -0.9600 -0.8000
-----MMMArr6 0.0000 0.0000 33.3376 0.0000 0.0000
-----MMMArr62 22.3431 -2.9089 -3.0739 -2.8715 -2.9089
-----MMMArrDer10 -3.1750 -3.1303 -3.2622 -3.3841 -3.1303
-----MMMArrDer102 -2.5589 -2.5106 -2.5958 -2.5960 -2.5106
-----MMMArrDer11 -3.4361 -3.2435 -3.1920 -3.0387 -3.0348
-----MMMArrDer12 -3.4737 -3.3041 -3.2369 -3.1760 -3.2435
-----MMMArrDer13 -3.2777 -3.4348 -3.3504 -3.3067 -3.4441
-----MMMArrDer14 -3.3851 -3.4663 -3.4713 -3.3865 -3.4474
-----MMMArrDer33 -0.8000 0.0000 -0.8000 0.0000 0.0000
-----MMMArrDer4 92.2299 -1.4720 -2.0291 -1.5104 -1.4720
-----MMMArrDer5 -2.1110 -1.4720 -1.7997 -0.9600 -1.4720
-----MMMArrDer6 -1.7421 -0.8000 -1.4720 -1.4720 -0.8000
-----MMMArrDer7 -1.8750 -1.4720 -1.5744 -1.4480 -1.4720
-----MMMArrDer72 -2.6708 -2.5106 -3.0450 -2.5302 -2.5106
-----MMMArrDer82 -2.2388 -2.0365 -2.8210 -2.6022 -2.2149
-----MMMArrDer92 -2.7441 -2.9089 -2.6215 -2.7472 -2.5106
-----MMMArrIzq10 53.5257 11.5647 26.0388 -3.9899 35.2248
-----MMMArrIzq101 0.9787 -3.1257 -1.6514 1.1807 -2.8579
-----MMMArrIzq102 -2.6461 -2.7857 -2.4295 -2.6524 -2.6055
-----MMMArrIzq11 -4.1869 -4.2148 -1.6370 -4.2695 -4.2077
-----MMMArrIzq111 -1.2846 -2.9863 -4.5944 -1.4219 -4.5183
-----MMMArrIzq112 -2.1055 -2.0365 -1.8652 -2.7952 -2.0365
-----MMMArrIzq12 -4.1879 -4.0982 -3.9970 -4.2196 -3.9910
-----MMMArrIzq121 4.9395 -4.5274 -4.5409 -4.5210 -4.5174
-----MMMArrIzq122 -2.1110 -1.4720 -1.6269 -1.5744 -1.4720
-----MMMArrIzq13 -3.7851 -3.6217 -3.8111 -3.7204 -3.5487
-----MMMArrIzq131 -4.5555 -4.5763 -4.5546 -4.5160 -4.5701
-----MMMArrIzq132 -1.4720 -1.4720 -1.4720 -1.8381 -1.4720
-----MMMArrIzq14 -3.7845 -3.6646 -3.6300 -3.7210 -3.7141
-----MMMArrIzq141 -4.6193 -4.5026 -4.5135 -4.4962 -4.4615
-----MMMArrIzq15 -3.6184 -3.5489 -3.3232 -3.8291 -3.5899
-----MMMArrIzq151 -4.4750 -4.4224 -4.5581 -4.4560 -4.4750
-----MMMArrIzq16 -4.2800 -3.3230 -4.3667 -3.4028 -3.9858
-----MMMArrIzq161 -4.5013 -4.5000 -4.5968 -4.4948 -4.5194
-----MMMArrIzq33 165.9025 0.0000 100.0639 131.1672 104.9656
-----MMMArrIzq42 96.6031 0.0000 6.7390 0.0000 0.0000
-----MMMArrIzq43 -1.4720 -1.6064 65.3814 131.7013 81.7306
-----MMMArrIzq52 0.0000 0.0000 3.4870 0.0000 0.0000
-----MMMArrIzq53 104.3758 82.1554 64.9003 104.3125 82.2820
-----MMMArrIzq6 -3.1177 -2.2384 -3.2507 -2.5170 -2.2323
-----MMMArrIzq62 0.0000 0.0000 1.5824 0.0000 0.0000
-----MMMArrIzq63 65.3269 64.8055 50.9581 82.5000 64.5197
-----MMMArrIzq7 -3.4421 -3.4818 -3.5893 -2.6195 -3.4165
-----MMMArrIzq71 -1.1171 -4.0214 -4.1354 -3.9911 -4.6184
-----MMMArrIzq72 25.1132 -3.2435 -3.2313 1.0316 1.8404
-----MMMArrIzq73 64.8053 50.7754 39.7740 64.9978 50.7785
-----MMMArrIzq8 8.7893 -4.0258 -3.9291 -4.0126 -4.0558
-----MMMArrIzq81 -2.0145 0.2869 0.2786 -3.9979 -4.0392
-----MMMArrIzq82 -2.5981 -2.3140 -2.6089 -2.3620 -2.5106
-----MMMArrIzq83 30.7234 39.7551 30.8146 50.9980 37.9641
-----MMMArrIzq9 -3.8649 -3.8419 1.5148 -3.8539 -3.9591
-----MMMArrIzq91 -0.0259 0.2997 0.3058 0.5073 -2.7289
-----MMMArrIzq92 -2.6134 -2.6227 -2.5870 -2.5375 -2.6227
----C---7AbaDer35 -0.8000 0.0000 0.0000 0.0000 0.0000
----C---AbaIzq5 -0.8000 42.5730 115.9839 0.0000 0.0000
----C---ArrIzq7 0.0000 50.5407 135.5875 -0.6438 -0.8000
----F---1AbaDer3 0.0000 0.0000 165.1290 0.0000 0.0000
----M---10AbaIzq1 -0.9920 -0.9920 -0.9920 -0.9920 0.0000
----M---10AbaIzq12 -0.9600 -0.9600 -0.8000 -0.9600 0.0000
----M---10AbaIzq2 -0.9984 -0.9997 -0.9997 -0.9997 0.0000
----M---10AbaIzq22 -1.0000 -0.9859 -0.9617 -0.9695 0.0000
----M---10AbaIzq32 -0.9984 -0.9997 -0.9984 11.3759 0.0000
----M---10ArrIzq1 -0.8000 0.0000 -0.8000 -0.8000 0.0000
----M---10ArrIzq12 -0.9984 -0.9600 -0.8000 -0.9600 0.0000
----M---4AbaDer3 -0.8000 0.0000 -0.8000 0.0000 0.0000
----M---6AbaIzq1 0.0000 0.0000 0.0000 -0.5210 0.0000
----M---6AbaIzq2 -0.9999 -0.9999 -0.9997 -0.9999 0.0000
----M---6AbaIzq22 -0.8000 -0.9784 -0.8000 -0.8000 0.0000
----M---6AbaIzq24 0.0000 0.0000 -0.8000 -0.8000 0.0000
----M---6AbaIzq3 -0.9600 -0.8000 -0.8000 -0.9600 0.0000
----M---6AbaIzq32 0.0000 -0.8000 0.0000 -0.8000 0.0000
----M---6AbaIzq34 -0.9999 -0.9999 -0.9997 -0.9997 0.0000
----M---6AbaIzq35 -0.8000 -0.8000 -0.8000 -0.8000 0.0000
----M---6ArrDer1 -1.0000 -1.0000 -1.0000 -1.0000 0.0000
----M---6ArrDer12 -0.9600 -0.9600 -0.8000 -0.9600 0.0000
----M---6ArrDer14 -0.8000 -0.8000 0.0000 -0.8000 0.0000
----M---6ArrDer2 -0.8000 -0.8000 -0.8000 -0.8000 0.0000
----M---6ArrDer22 0.0000 0.0000 -0.8000 11.2144 0.0000
----M---6ArrDer23 0.0000 -0.8000 0.0000 0.0000 0.0000
----M---6ArrDer24 -0.9600 -0.9600 -0.9920 -0.9600 0.0000
----M---7AbaIzq32 -0.9600 0.0000 -0.8000 0.0000 0.0000
----M---8AbaIzq12 0.0000 -0.8000 -0.8000 0.0000 0.0000
----M---AbaDer4 -0.8000 -0.8000 -0.8000 -1.3120 -0.8000
----M---AbaIzq10 -3.9142 -3.8207 -3.6312 -4.0085 -3.8078
----M---AbaIzq6 11.6211 21.4568 15.5545 -3.3248 15.1542
----M---AbaIzq8 0.0000 5.1401 0.0000 0.0000 -0.8000
----M---ArrDer6 -2.2344 -3.0926 -2.5106 -0.6818 -1.5669
----M---ArrIzq10 -3.8607 -3.6973 -3.7606 4.8056 -3.7606
----M--M10AbaIzq22 -0.9986 -0.9997 -0.9984 -0.9984 0.0000
----M--M10AbaIzq32 6.2972 -1.0000 -1.0000 8.9938 0.0000
----M--M10ArrDer1 -0.8000 -0.8000 0.0000 0.0000 0.0000
----M--M10ArrIzq1 0.0000 -0.9600 0.0000 0.0000 0.0000
----M--M6ArrDer1 -0.9999 -0.9999 -0.9999 -1.0000 0.0000
----M--M6ArrDer12 -0.8000 -0.8000 0.0000 0.0000 0.0000
----M--M6ArrDer2 -1.0000 -1.0000 -1.0000 -1.0000 0.0000
----M--M6ArrDer22 -0.9600 -0.8000 -0.8985 -0.9130 0.0000
----M--M6ArrDer23 0.0000 0.0000 0.0000 -0.8000 0.0000
----M--M6ArrDer24 -0.8000 -0.8000 -0.8000 0.0000 0.0000
----M--M6ArrDer3 -0.8000 0.0000 0.0000 0.0000 0.0000
----M--M6ArrDer32 -0.9600 -0.9600 -0.9920 -0.9920 0.0000
----M--M6ArrDer34 -0.9997 -1.0000 -0.9997 72.1783 0.0000
----M--M6ArrDer35 -0.8000 -0.8000 0.0000 -0.8000 0.0000
----M--M8AbaIzq1 0.0000 -0.8000 -0.8000 -0.8000 0.0000
----M--MArrDer6 -3.2915 53.2612 -3.4305 100.2269 -3.2410
----MMMM11AbaIzq2 0.0000 0.0000 0.0000 0.0000 0.0000
----MMMM11AbaIzq22 -0.9997 -0.9997 -0.9984 -0.9997 0.0000
----MMMM11ArrDer1 16.9043 12.0654 8.6525 2.4168 0.0000
----MMMM11ArrDer12 0.0000 0.0000 -0.8000 0.0000 0.0000
----MMMM13Aba14 0.0000 0.0000 0.0000 0.0000 0.0000
----MMMM13AbaDer12 -0.9920 -0.9920 -0.9984 -0.9984 0.0000
----MMMM13AbaDer22 -0.9920 -0.9920 -0.9600 -0.9600 0.0000
----MMMM13AbaIzq14 -0.8000 0.0000 0.0000 -0.8000 0.0000
----MMMM13AbaIzq24 -0.9920 -0.9600 -0.9920 -0.9920 0.0000
----MMMM3AbaIzq2 -1.0000 -1.0000 -1.0000 -1.0000 0.0000
----MMMMAbaIzq3 -3.8847 -3.8192 -3.7606 -3.9759 -3.8156
----MMMMArrDer11 1.4013 -3.5781 -3.7606 -3.8871 -3.7583
---C----7AbaIzq35 -0.8000 0.0000 0.0000 79.2000 0.0000
---C----AbaIzq7 49.1989 -0.8000 78.7097 129.7039 99.7137
---F----1AbaIzq2 80.2685 120.5376 -0.8000 199.0000 0.0000
---F----1AbaIzq3 0.0000 80.9254 -0.8000 259.8235 0.0000
---F----AbaIzq12 0.0000 0.0000 60.7272 0.0000 0.0000
---F----AbaIzq13 161.1920 165.4007 0.0000 262.0411 204.3429
---FMMMM11AbaIzq32 -0.8000 0.0000 -0.8000 159.2000 0.0000
---FMMMM13AbaIzq24 0.0000 -0.8000 -0.8000 159.2000 0.0000
---FMMMM1AbaIzq2 99.7635 165.7940 163.3382 209.0188 0.0000
---FMMMMAbaIzq1 0.0000 0.0000 0.0000 189.5171 0.0000
---M----10ArrIzq1 -0.8000 0.0000 0.0000 0.0000 0.0000
---M----12AbaIzq23 -0.8000 -0.8000 -0.9920 -0.8000 0.0000
---M----12ArrDer22 -0.9920 -0.9920 -0.9984 -0.9984 0.0000
---M----12ArrDer32 -0.9997 -0.9997 -0.9997 -0.9997 0.0000
---M----14ArrDer1 -1.0000 -1.0000 -1.0000 -1.0000 0.0000
---M----4AbaIzq1 -0.9600 -0.9600 -0.8000 -0.8000 0.0000
---M----4AbaIzq12 0.0000 -0.8000 -0.8000 -0.8000 0.0000
---M----4AbaIzq2 60.5041 102.8702 -1.0000 75.3744 0.0000
---M----4AbaIzq21 -0.8000 0.0000 0.0000 -0.8000 0.0000
---M----4AbaIzq22 110.8981 -0.9600 -0.9600 -0.8000 0.0000
---M----4AbaIzq3 -0.8000 -0.1128 0.0782 -0.8000 0.0000
---M----4AbaIzq32 -0.8000 -0.8000 0.0000 -0.8000 0.0000
---M----4ArrIzq1 -0.9984 -0.9920 -0.9920 -0.9984 0.0000
---M----4ArrIzq2 18.1025 -1.0000 -1.0000 -1.0000 0.0000
---M----4ArrIzq3 104.6382 61.4264 65.0308 -0.9999 0.0000
---M----4ArrIzq31 -0.8000 -0.8000 -0.8000 -0.9600 0.0000
---M----5ArrIzq12 -0.8000 -0.8000 -0.9600 -0.8000 0.0000
---M----5ArrIzq22 -0.9997 -0.9984 -0.9984 -0.9984 0.0000
---M----5ArrIzq32 0.0000 -0.8000 0.0000 0.0000 0.0000
---M----6AbaIzq2 0.0000 -0.8000 0.0000 0.0000 0.0000
---M----6AbaIzq3 -0.9997 -0.7666 -0.3299 -0.9984 0.0000
---M----6ArrIzq1 -0.9007 6.6717 -0.8508 -0.7147 0.0000
---M----6ArrIzq12 -1.0000 -1.0000 -1.0000 -1.0000 0.0000
---M----6ArrIzq2 17.6985 -1.0000 -0.0035 -1.0000 0.0000
---M----6ArrIzq22 -0.9984 58.2277 -0.9920 -0.9920 0.0000
---M----6ArrIzq3 -0.8000 -0.8000 0.0000 0.0000 0.0000
---M----6ArrIzq32 -0.8000 -0.8000 -0.8000 -0.8000 0.0000
---M----8AbaIzq1 -0.9984 -0.9920 -0.9984 -0.9984 0.0000
---M----8AbaIzq12 -0.8000 -0.8000 -0.9600 -0.8000 0.0000
---M----8ArrIzq1 -1.0000 -1.0000 -1.0000 -1.0000 0.0000
---M----8ArrIzq12 -0.9920 -0.9984 -0.9920 -0.9920 0.0000
---M----8ArrIzq2 -0.9920 -0.9600 -0.8000 -0.8000 0.0000
---M----AbaIzq4 -3.0408 99.4725 -2.7976 61.6394 -2.6151
---M----AbaIzq62 -1.4349 0.4587 -1.7421 -1.4720 -1.4720
---M----AbaIzq63 -1.4720 -1.9992 -2.9577 -1.4720 -1.4720
---M----AbaIzq8 -1.9021 -2.7149 -3.2082 -1.4720 -1.4720
---M----ArrDer14 -3.6083 -3.4086 -3.6149 -3.5951 -3.6094
---M----ArrIzq4 -2.1031 -2.1120 29.0117 -2.0594 -1.9196
---M----ArrIzq6 11.7260 12.5931 23.8980 10.7656 -0.5564
---M----ArrIzq8 -4.0750 -4.0322 -3.9288 -4.1506 -4.1577
---M----ArrIzq81 37.7819 22.3721 13.4493 29.2255 28.9620
---M----ArrIzq82 0.0000 -1.4720 -1.6272 -0.8000 -0.8000
---M-C--12AbaIzq24 -0.8000 -0.8000 -0.8000 -0.9600 0.0000
---M-C--12AbaIzq34 -0.9600 92.3059 -0.9600 -0.9600 0.0000
---M-C--4ArrIzq22 0.0000 0.0000 -0.8000 0.0000 0.0000
---M-C--4ArrIzq32 -0.8000 167.5329 103.5230 0.0000 0.0000
---M-C--ArrDer14 -2.0454 138.3555 -1.7997 -1.4720 -1.4720
---M-C--ArrIzq4 0.0000 139.9938 0.0000 0.0000 0.0000
---M-C--ArrIzq6 -1.7081 146.5953 9.3595 -0.8000 -0.8000
---M-M--3AbaIzq2 82.6615 41.2307 39.8540 51.4731 0.0000
---M-M--3AbaIzq3 -0.9600 -0.9920 -0.9817 -0.9600 0.0000
---M-M--5AbaIzq2 -0.9984 -0.9984 -0.9984 -0.9920 0.0000
---M-M--7AbaIzq22 0.0000 2.7554 1.8428 1.6072 0.0000
---M-M--7AbaIzq32 -0.9984 -0.9984 0.3190 -0.9984 0.0000
---M-M--9AbaDer22 -0.9984 -0.9920 -0.9920 -0.9920 0.0000
---M-M--9AbaDer32 -0.8000 -0.9600 -0.9600 -0.9600 0.0000
---M-M--9AbaIzq24 -0.9600 -0.9920 -0.9600 -0.9600 0.0000
---M-M--9AbaIzq34 -0.9984 -0.9984 -0.9997 -0.9997 0.0000
---M-M--9ArrDer1 -1.0000 -1.0000 0.3306 -1.0000 0.0000
---M-M--9ArrDer12 -0.9600 -0.9600 -0.9600 -0.8000 0.0000
---M-M--9ArrDer14 -0.8000 -0.8000 -0.8000 0.0000 0.0000
---M-M--AbaIzq3 82.6487 -2.8120 44.5733 -0.7649 -2.9089
---M-M--AbaIzq5 13.0997 47.5396 -3.0569 22.7357 -2.8785
---M-M--ArrDer9 29.1070 -3.2237 -2.9758 -3.3164 -3.2435
--C-----8ArrDer35 0.0000 0.0000 121.9205 -0.8000 0.0000
--C-----ArrIzq6 85.4891 0.0000 0.0000 0.0000 0.0000
--C-----ArrIzq8 96.5639 -0.2604 -0.8000 -2.6605 -0.8000
--F-----11ArrIzq32 -0.8000 100.0767 -0.8000 -0.8000 0.0000
--F-----2ArrDer1 101.0880 -0.8000 -0.8000 -0.8000 0.0000
--F-----2ArrDer2 168.8648 0.0000 51.1113 105.4783 0.0000
--F-----2ArrDer3 -0.8000 0.0000 -0.8000 0.0000 0.0000
--F-----ArrDer2 155.4933 60.1980 78.0419 -1.5949 -0.8000
--F-----ArrDer22 -0.9600 -1.5744 154.5342 -0.9600 -1.4720
--F-----ArrDer23 0.0000 0.0000 208.5630 0.0000 0.0000
--M-----11ArrIzq12 -0.9920 -0.9600 -0.9920 -0.9600 0.0000
--M-----3AbaDer3 0.0000 -0.8000 0.0000 0.0000 0.0000
--M-----7AbaIzq1 0.0000 -0.8000 0.0000 -0.8000 0.0000
--M-----7AbaIzq12 0.0000 0.0000 -0.8000 0.0000 0.0000
--M-----7AbaIzq2 -0.8000 -0.8000 -0.8000 -0.8000 0.0000
--M-----7AbaIzq21 0.0000 0.0000 -0.8000 -0.8000 0.0000
--M-----7AbaIzq22 0.0000 -0.2384 -0.8000 18.0918 0.0000
--M-----7AbaIzq23 -0.8000 -0.8000 0.0000 -0.8000 0.0000
--M-----7AbaIzq24 -0.9920 -0.9600 -0.9600 -0.9600 0.0000
--M-----7AbaIzq3 -0.8000 -0.9600 -0.9600 -0.9521 0.0000
--M-----7AbaIzq32 -0.9600 -0.8000 -0.9600 -0.8000 0.0000
--M-----7AbaIzq34 -1.0000 -1.0000 90.7020 14.8283 0.0000
--M-----7ArrDer1 -1.0000 -1.0000 -1.0000 12.3857 0.0000
--M-----7ArrDer12 -0.9920 -0.8000 -0.8000 -0.8000 0.0000
--M-----7ArrDer14 -0.8000 -0.8000 0.0000 -0.8000 0.0000
--M-----7ArrIzq1 0.0000 -0.8000 0.0000 0.0000 0.0000
--M-----7ArrIzq2 -0.9999 -0.9999 -0.9999 -0.9999 0.0000
--M-----7ArrIzq22 -0.9562 -0.9600 -0.9600 -0.9882 0.0000
--M-----7ArrIzq24 -0.8000 -0.8000 -0.8000 0.0000 0.0000
--M-----8ArrIzq32 -0.8000 -0.8000 0.0000 -0.8000 0.0000
--M-----9AbaIzq1 -0.9600 -0.9600 -0.9600 -0.9600 0.0000
--M-----9AbaIzq12 -0.9600 -0.8000 0.0000 -0.8000 0.0000
--M-----9AbaIzq2 -0.9999 -0.9999 -0.9999 -0.9999 0.0000
--M-----9AbaIzq22 -0.9925 -0.9946 -0.9980 -0.9936 0.0000
--M-----9AbaIzq32 -0.9999 -0.9999 -0.9999 -0.9999 0.0000
--M-----AbaDer3 -0.8000 -1.9135 -0.8000 0.0000 -0.8000
--M-----AbaIzq7 13.9724 -3.2098 -2.2505 27.9471 -3.1097
--M-----AbaIzq9 -3.8460 29.2906 12.6695 -3.8725 -3.9732
--M-----ArrDer7 -1.6092 -3.0002 -2.9120 -2.8385 -2.9089
--M-----ArrIzq11 -3.8603 -3.9916 -4.1011 -4.2272 -3.9667
--M-----ArrIzq7 -2.6713 8.0102 -3.2377 30.3921 -2.5615
--M---C-7AbaIzq35 -0.8000 79.2000 -0.8000 -0.8000 0.0000
--M---C-AbaIzq7 -1.8207 122.9818 0.0000 -0.8000 -0.8000
--M---C-ArrIzq7 0.0000 0.0000 0.0000 1.7392 0.0000
--M--MM-10ArrIzq2 0.0000 0.0000 19.0649 0.0000 0.0000
--M--MM-12AbaIzq24 -0.9984 -0.9984 -0.9984 -0.9920 0.0000
--M--MM-12ArrDer22 -0.9997 -0.9997 -0.9999 -0.9997 0.0000
--M--MM-14ArrDer1 -1.0000 -1.0000 -1.0000 -1.0000 0.0000
--M--MM-4ArrIzq1 0.0000 -0.8000 -0.8000 -0.8000 0.0000
--M--MM-4ArrIzq2 2.4676 16.1854 23.6300 -1.0000 0.0000
--M--MM-ArrDer14 -3.7140 -3.6276 -3.7178 -3.5138 -3.5930
--M--MM-ArrIzq4 5.0132 -4.0925 81.1206 4.6189 8.4532
--M--MMM13ArrDer1 0.0000 0.0000 0.0000 0.0000 0.0000
--M--MMM13ArrIzq1 -0.8000 0.0000 0.0000 -0.8000 0.0000
--M--MMM9ArrDer1 -1.0000 -1.0000 -1.0000 -1.0000 0.0000
--M--MMM9ArrDer2 -0.9999 -0.9999 -0.9999 -0.9999 0.0000
--M--MMM9ArrDer22 -0.9984 -0.9984 -0.9984 -0.9920 0.0000
--M--MMM9ArrDer24 -0.9600 -0.9600 -0.9600 -0.9600 0.0000
--M--MMM9ArrDer3 -0.8000 -0.8000 0.0000 -0.8000 0.0000
--M--MMM9ArrDer32 -0.9999 -0.9999 -0.9999 -0.9999 0.0000
--M--MMM9ArrDer34 -1.0000 -1.0000 -0.9999 -0.9999 0.0000
--M--MMM9ArrDer35 24.7548 38.1323 9.2368 61.1729 0.0000
--M--MMM9ArrDer37 0.0000 0.0000 -0.8000 -0.9600 0.0000
--M--MMMArrDer9 -3.4573 35.9204 2.4616 38.6207 -3.5679
--M-M---10ArrIzq1 0.0000 0.0000 0.0000 2.3715 0.0000
--M-M---12ArrDer1 0.0000 0.0000 -0.8000 0.0000 0.0000
--M-M---12ArrIzq1 -0.8000 -0.8000 -0.9600 -0.8000 0.0000
--M-M---8ArrDer1 -0.9999 -1.0000 -1.0000 -1.0000 0.0000
--M-M---8ArrDer12 0.0000 0.0000 -0.8000 -0.8000 0.0000
--M-M---8ArrDer2 -1.0000 -1.0000 -1.0000 -1.0000 0.0000
--M-M---8ArrDer22 -0.9999 -0.9999 -0.9997 -0.9999 0.0000
--M-M---8ArrDer23 0.0000 0.0000 0.0000 -0.8000 0.0000
--M-M---8ArrDer24 -0.9600 -0.9600 -0.8000 -0.9600 0.0000
--M-M---8ArrDer3 0.0000 -0.8000 -0.8000 -0.8000 0.0000
--M-M---8ArrDer32 -1.0000 -1.0000 -1.0000 -1.0000 0.0000
--M-M---8ArrDer34 -1.0000 -1.0000 -1.0000 -1.0000 0.0000
--M-M---8ArrDer35 -0.9984 -0.9984 -0.9997 76.5778 0.0000
--M-M---ArrDer8 -3.3687 -3.4573 -3.3932 -3.4875 -3.4061
--M-M--M10AbaIzq3 -1.0000 -1.0000 -1.0000 -1.0000 0.0000
--M-M--M11AbaIzq1 0.0000 -0.8000 -0.8000 -0.8000 0.0000
--M-M--M11AbaIzq2 -0.9997 -0.9997 -0.9997 -0.9997 0.0000
--M-M--M11AbaIzq22 -0.8000 -0.9600 -0.8000 -0.8000 0.0000
--M-M--M11AbaIzq32 -0.9600 -0.9920 -0.9600 -0.9920 0.0000
--M-M--M11ArrDer1 0.0000 -0.8000 0.0000 0.0000 0.0000
--M-M--M11ArrIzq1 -0.8000 -0.8000 -0.8000 -0.8000 0.0000
--M-M--M11ArrIzq24 0.0000 0.0000 0.0000 -0.8000 0.0000
--M-M--M11ArrIzq32 -0.9920 -0.9600 -0.9600 -0.9600 0.0000
--M-M--M11ArrIzq34 -0.9600 -0.9984 -0.9600 -0.9920 0.0000
--M-M--M11ArrIzq35 11.7627 22.0594 15.9535 -1.0000 0.0000
--M-M--M12AbaIzq2 -0.8000 -0.8000 -0.8000 -0.8000 0.0000
--M-M--M12ArrIzq1 -1.0000 -1.0000 -1.0000 -1.0000 0.0000
--M-M--M12ArrIzq12 0.0000 -0.8000 0.0000 0.0000 0.0000
--M-M--M12ArrIzq2 -0.9999 -0.9999 -0.9999 -0.9997 0.0000
--M-M--M12ArrIzq22 -1.0000 -1.0000 -0.3263 -0.6373 0.0000
--M-M--M13ArrIzq1 -1.0000 -1.0000 -1.0000 -1.0000 0.0000
--M-M--M13ArrIzq12 -0.8000 -0.8000 -0.8000 -0.8000 0.0000
--M-M--M13ArrIzq2 -0.9600 -0.8000 0.0000 -0.8000 0.0000
--M-M--M13ArrIzq22 2.2854 -1.0000 -1.0000 -1.0000 0.0000
--M-M--M13ArrIzq32 164.0952 99.4544 121.1377 100.0429 0.0000
--M-M--M14ArrIzq1 -1.0000 -1.0000 -1.0000 -1.0000 0.0000
--M-M--M15ArrIzq1 -1.0000 -1.0000 -1.0000 -1.0000 0.0000
--M-M--M15ArrIzq12 -0.9984 -0.9920 -0.9920 -0.9984 0.0000
--M-M--M15ArrIzq35 0.0000 0.0000 0.0000 0.0000 0.0000
--M-M--M16ArrIzq1 -1.0000 -1.0000 -1.0000 -1.0000 0.0000
--M-M--M16ArrIzq12 -0.9920 -0.9920 -0.9920 -0.9920 0.0000
--M-M--M3ArrIzq2 -0.8000 0.0000 0.0000 133.5448 0.0000
--M-M--M4ArrIzq2 42.1650 -0.9920 -0.9600 -0.9920 0.0000
--M-M--M5Arr1 -1.0000 -1.0000 -1.0000 -1.0000 0.0000
--M-M--M5Arr2 -0.9984 -0.9999 -0.9997 -0.9984 0.0000
--M-M--M5Arr32 0.0000 0.0000 0.0000 0.0000 0.0000
--M-M--M5ArrIzq2 -0.9997 -0.9997 -0.9997 -0.9999 0.0000
--M-M--M6ArrIzq2 -1.0000 -1.0000 -1.0000 -1.0000 0.0000
--M-M--M7AbaIzq3 -1.0000 -1.0000 -1.0000 61.0192 0.0000
--M-M--M7ArrDer1 -0.9999 -0.9999 -0.9999 -0.9999 0.0000
--M-M--M7ArrDer12 -0.8000 -0.8000 -0.8000 -0.9600 0.0000
--M-M--M7ArrDer2 -1.0000 -1.0000 -1.0000 -1.0000 0.0000
--M-M--M7ArrDer22 -0.9600 -0.9600 -0.9600 -0.8091 0.0000
--M-M--M7ArrDer23 -0.8000 0.0000 -0.8000 0.0000 0.0000
--M-M--M7ArrDer24 -0.8000 -0.9600 -0.8000 -0.9600 0.0000
--M-M--M7ArrDer32 -0.9920 -0.9984 -0.9920 -0.9639 0.0000
--M-M--M7ArrDer34 44.7562 -1.0000 -1.0000 -1.0000 0.0000
--M-M--M7ArrDer35 -0.9600 -0.9920 -0.9920 -0.9600 0.0000
--M-M--M7ArrIzq2 -1.0000 -1.0000 -1.0000 31.1359 0.0000
--M-M--M8AbaIzq3 -1.0000 -1.0000 -1.0000 -1.0000 0.0000
--M-M--M8ArrIzq3 -1.0000 7.0945 -1.0000 -1.0000 0.0000
--M-M--M9AbaIzq2 0.0000 0.0000 0.0000 -0.8000 0.0000
--M-M--M9AbaIzq22 -0.9964 -0.9984 -0.9920 -0.9920 0.0000
--M-M--M9AbaIzq3 -1.0000 -1.0000 -1.0000 -1.0000 0.0000
--M-M--M9AbaIzq32 -1.0000 -1.0000 -1.0000 27.6596 0.0000
--M-M--M9ArrIzq1 0.0000 -0.8000 0.0000 2.6710 0.0000
--M-M--M9ArrIzq23 0.0000 0.0000 -0.8000 0.0000 0.0000
--M-M--M9ArrIzq32 0.0000 0.0000 -0.8000 0.0000 0.0000
--M-M--MAbaIzq103 -2.6692 -3.2131 -2.9279 -2.6055 -2.9718
--M-M--MAbaIzq11 8.8678 -4.2963 -4.2654 -4.2674 -4.3713
--M-M--MAbaIzq112 -0.8000 -1.4144 -0.8000 -1.3120 -0.8000
--M-M--MAbaIzq122 -1.3120 -0.8000 -0.8000 -0.9600 -0.8000
--M-M--MAbaIzq73 -3.0786 -3.2246 -3.2435 -2.8429 -3.2435
--M-M--MAbaIzq83 -3.2674 -3.0931 -3.2435 -3.1840 -3.2435
--M-M--MAbaIzq93 -3.0085 -3.2412 -3.2435 -3.0703 -3.2217
--M-M--MArr2 166.2035 -2.0611 117.9729 103.8046 130.8923
--M-M--MArr5 -3.9664 18.5719 -3.9117 -4.0943 -3.9349
--M-M--MArrDer7 78.3802 -3.3724 -3.1880 -3.0088 30.7828
--M-M--MArrIzq12 -4.2951 -4.1778 -4.2276 -4.2222 -4.2654
--M-M--MArrIzq121 -3.5534 -4.1429 -3.8662 -4.0096 -3.9884
--M-M--MArrIzq122 -0.9920 -0.9920 -1.4720 -2.0299 -1.4720
--M-M--MArrIzq13 -3.8463 -4.0643 -3.9838 -0.7318 -3.9589
--M-M--MArrIzq131 -3.9145 -4.3560 -4.2835 -4.3432 -4.3004
--M-M--MArrIzq132 -1.3120 -1.9341 -1.6064 -1.4720 -1.4720
--M-M--MArrIzq14 -4.0510 -4.1887 -4.0948 -4.0720 -4.1255
--M-M--MArrIzq141 -4.3158 -4.4787 -4.3830 -4.3242 -4.2934
--M-M--MArrIzq15 -4.0240 -4.1418 -4.2589 -4.1840 -4.2753
--M-M--MArrIzq151 -4.4093 -4.5196 -4.4719 -4.4712 -4.4689
--M-M--MArrIzq16 -4.2513 -4.2831 -4.3018 -4.2840 -4.3498
--M-M--MArrIzq161 -4.5087 -4.6206 -4.4745 -4.5185 -4.5420
--M-M--MArrIzq3 -0.8000 79.2354 -0.8000 0.0000 0.0000
--M-M--MArrIzq32 140.5235 86.3981 111.2036 -1.3120 111.1826
--M-M--MArrIzq4 -0.8000 -0.8000 63.4564 103.7689 63.6138
--M-M--MArrIzq42 111.4188 69.3176 87.3215 40.8456 84.0976
--M-M--MArrIzq5 79.3512 -0.8000 0.0000 0.0000 0.0000
--M-M--MArrIzq52 88.1350 41.1920 66.2562 50.5374 68.8566
--M-M--MArrIzq6 0.0000 0.0000 0.0000 62.8688 0.0000
--M-M--MArrIzq62 69.5080 38.8683 54.4020 23.2389 54.1397
--M-M--MArrIzq7 0.0000 30.8684 0.0000 0.0000 0.0000
--M-M--MArrIzq72 54.6064 31.8045 40.7803 23.4976 38.8711
--M-M--MArrIzq83 -3.3564 -3.7725 -3.5245 30.7672 -3.3743
--M-MMMM10AbaIzq22 -0.8000 -0.9600 -0.8000 -0.9920 0.0000
--M-MMMM10AbaIzq32 -0.9920 -0.9920 -0.9920 -0.9920 0.0000
--M-MMMM10Arr37 119.0238 94.6593 92.3407 98.0478 0.0000
--M-MMMM10ArrIzq24 0.0000 0.0000 0.0000 -0.8000 0.0000
--M-MMMM10ArrIzq32 -0.9600 0.0000 0.0000 -0.8000 0.0000
--M-MMMM10ArrIzq34 -0.9984 -0.9997 -0.9997 -0.9997 0.0000
--M-MMMM10ArrIzq35 13.7454 17.2788 16.2831 28.8455 0.0000
--M-MMMM10ArrIzq36 -0.8000 -0.8000 0.0000 0.0000 0.0000
--M-MMMM11AbaIzq32 -0.9600 -0.9600 -0.8000 -0.9600 0.0000
--M-MMMM12ArrIzq1 -0.9997 -0.9997 -0.9997 -0.9984 0.0000
--M-MMMM12ArrIzq12 -0.9600 -0.8000 -0.8000 -0.8000 0.0000
--M-MMMM12ArrIzq2 -0.9600 -0.9600 -0.9600 -0.9920 0.0000
--M-MMMM12ArrIzq22 -0.9984 -0.9984 -0.9997 -0.9997 0.0000
--M-MMMM13ArrIzq1 -0.8000 -0.9600 0.0000 0.0000 0.0000
--M-MMMM13ArrIzq2 -0.9920 -0.9600 -0.9920 -0.9920 0.0000
--M-MMMM14AbaIzq1 -0.9920 -0.9920 -0.9920 -0.9997 0.0000
--M-MMMM14AbaIzq12 -0.9600 -0.9600 -0.8000 -0.9920 0.0000
--M-MMMM14ArrIzq12 -0.8000 -0.8000 -0.8000 -0.8000 0.0000
--M-MMMM14ArrIzq2 -0.8000 0.0000 0.0000 -0.8000 0.0000
--M-MMMM14ArrIzq22 -1.0000 -1.0000 -1.0000 -1.0000 0.0000
--M-MMMM14ArrIzq32 130.3948 79.3587 100.6156 -0.9999 0.0000
--M-MMMM14ArrIzq35 0.0000 0.0000 0.0000 0.0000 0.0000
--M-MMMM16Arr1 0.0000 0.0000 0.0000 0.0000 0.0000
--M-MMMM16Arr2 0.0000 0.0000 0.0000 0.0000 0.0000
--M-MMMM17ArrIzq1 -1.0000 -1.0000 -1.0000 -1.0000 0.0000
--M-MMMM17ArrIzq12 -0.9920 -0.9920 -0.9920 -0.9920 0.0000
--M-MMMM6Arr1 -1.0000 -1.0000 -1.0000 -1.0000 0.0000
--M-MMMM6Arr2 -0.9997 -0.9997 -0.9999 -0.9999 0.0000
--M-MMMM8ArrIzq2 18.2439 17.3945 -1.0000 24.1824 0.0000
--M-MMMM9ArrIzq3 -1.0000 14.2437 15.6843 38.9881 0.0000
--M-MMMMAba2 0.0000 -0.8000 0.0000 -0.8000 -0.8000
--M-MMMMArr3 131.9765 -1.7293 78.2426 30.9842 93.3461
--M-MMMMArr6 133.8951 -3.7029 16.4267 22.8620 15.1126
--M-MMMMArrIzq12 -4.1220 -4.1255 -4.1255 -4.1243 -4.1255
--M-MMMMArrIzq13 -4.1594 -4.1782 -4.1867 -4.1095 -4.1503
--M-MMMMArrIzq142 -1.4720 -1.4720 -1.4720 -1.7088 -2.0365
--M-MMMMArrIzq17 -4.3645 -4.3829 -1.6632 -0.3752 -4.4429
--M-MMMMArrIzq171 -4.5608 -4.6192 -4.6372 -4.5617 -4.5604
--M-MMMMArrIzq8 15.1090 23.3731 7.5490 39.9269 -0.8000
--M-MMMMArrIzq82 42.6851 31.2151 32.1923 23.6614 31.4939
--M-MMMMArrIzq93 22.3190 30.4744 30.7981 39.7979 29.8302
-C------7ArrIzq35 156.8738 98.0739 -0.8000 84.0389 0.0000
-C------ArrIzq7 120.6038 0.0000 48.3522 37.6300 0.0000
-C------ArrIzq9 0.0000 0.0000 0.0000 50.7007 0.0000
-CM-M--M11Arr36 79.2000 0.0000 0.0000 0.0000 0.0000
-F------1Arr1 159.2000 0.0000 0.0000 -0.8000 0.0000
-F------1Arr2 0.0000 -0.8000 130.1634 -0.8000 0.0000
-F------1Arr3 201.8473 0.0000 -0.8000 -0.8000 0.0000
-F------Arr1 0.0000 -0.8000 121.6616 0.0000 0.0000
-F------Arr12 199.5137 0.0000 98.8778 -1.4720 -0.8000
-F------Arr13 262.0412 148.0060 159.2697 165.4814 166.5064
-FM-M--M12ArrIzq32 206.3536 133.8162 165.5831 76.6288 0.0000
-FM-M--MArr1 208.9981 105.3829 142.1919 123.4404 166.0933
-M---M--11AbaIzq23 -0.8000 -0.8000 -0.8000 -0.8000 0.0000
-M---M--11AbaIzq24 -0.9600 -0.9600 -0.9920 -0.9600 0.0000
-M---M--11AbaIzq34 -0.9920 -0.9600 -0.8000 -0.9600 0.0000
-M---M--11ArrDer22 -0.9984 -0.9984 -0.8980 -0.9997 0.0000
-M---M--11ArrDer32 -0.9984 -0.9984 -0.9920 -0.9984 0.0000
-M---M--13ArrDer1 -1.0000 -1.0000 -1.0000 -1.0000 0.0000
-M---M--3ArrIzq2 0.0000 0.0000 -0.8000 0.0000 0.0000
-M---M--3ArrIzq22 0.0000 -0.8000 0.0000 0.0000 0.0000
-M---M--3ArrIzq3 75.6401 78.5469 75.6151 132.1140 0.0000
-M---M--3ArrIzq32 0.0000 -0.8000 -0.8000 0.0000 0.0000
-M---M--4AbaIzq31 -0.8000 -0.8000 -0.8000 -0.8000 0.0000
-M---M--5ArrIzq1 -0.8000 -0.8344 -0.8000 -0.8000 0.0000
-M---M--5ArrIzq2 19.4066 -1.0000 30.8567 9.9083 0.0000
-M---M--9ArrIzq2 0.0000 0.0000 0.0000 0.0000 0.0000
-M---M--ArrDer13 -3.5770 -3.6618 -3.5768 -3.5298 -3.7112
-M---M--ArrIzq3 98.8237 102.8007 65.1012 129.6636 83.9569
-M---M--ArrIzq5 10.3284 113.9227 12.9220 12.7318 12.2416
-M---MMM12ArrIzq35 0.0000 0.0000 0.0000 0.0000 0.0000
-M---MMM14ArrDer1 -0.8000 0.0000 0.0000 0.0000 0.0000
-M---MMM8ArrDer1 -1.0000 -1.0000 -1.0000 -1.0000 0.0000
-M---MMM8ArrDer2 -0.9999 -0.9997 -0.9999 -0.9999 0.0000
-M---MMM8ArrDer22 -0.9600 -0.9600 -0.9920 -0.9920 0.0000
-M---MMM8ArrDer24 -0.9600 -0.8000 -0.9600 -0.9600 0.0000
-M---MMM8ArrDer32 -0.9997 -0.9997 -0.9999 -0.9999 0.0000
-M---MMM8ArrDer34 -0.9999 -0.9997 -0.9999 -0.9999 0.0000
-M---MMM8ArrDer35 36.5425 35.4329 27.3800 47.9204 0.0000
-M---MMM8ArrDer37 -0.9920 -0.9600 -0.8000 -0.8000 0.0000
-M---MMMArrDer8 -4.0026 28.9800 17.2976 38.2111 22.2713
-MM-----10AbaIzq1 -0.8000 -0.8000 -0.8000 -0.8000 0.0000
-MM-----10AbaIzq2 -0.9999 -0.9984 -0.9984 -0.9997 0.0000
-MM-----10AbaIzq22 -0.9843 -0.9932 -0.9927 -0.9887 0.0000
-MM-----10AbaIzq32 5.3747 19.1295 4.5421 -1.0000 0.0000
-MM-----12ArrIzq12 -0.9920 -0.9920 -0.9920 -0.9920 0.0000
-MM-----6ArrDer1 -1.0000 -1.0000 -1.0000 -1.0000 0.0000
-MM-----6ArrDer12 -0.9600 -0.8000 -0.8000 -0.9600 0.0000
-MM-----6ArrDer2 -1.0000 -1.0000 -1.0000 -1.0000 0.0000
-MM-----6ArrDer21 0.0000 0.0000 -0.8000 -0.8000 0.0000
-MM-----6ArrDer22 -0.9600 -0.9733 -0.9600 -0.9600 0.0000
-MM-----6ArrDer24 -0.9600 -0.9600 -0.8000 -0.9600 0.0000
-MM-----6ArrDer3 -0.8000 -0.9600 0.0000 -0.8000 0.0000
-MM-----6ArrDer32 -0.8000 -0.8000 -0.9600 -0.9600 0.0000
-MM-----6ArrDer34 -0.9999 -0.9999 115.3433 54.5210 0.0000
-MM-----8AbaIzq1 0.0000 0.0000 -0.8000 -0.8000 0.0000
-MM-----8AbaIzq12 0.0000 -0.8000 -0.8000 0.0000 0.0000
-MM-----8ArrDer1 0.0000 0.0000 -0.8000 -0.8000 0.0000
-MM-----8ArrDer2 0.0000 0.0000 0.0000 0.0000 0.0000
-MM-----8ArrIzq1 0.0000 -0.8000 -0.8000 0.0000 0.0000
-MM-----9ArrIzq32 0.0000 0.0000 -0.8000 -0.8000 0.0000
-MM-----AbaDer2 -0.8000 -1.4390 0.0000 -0.8000 -0.8000
-MM-----AbaIzq10 -4.0121 -4.0887 11.7739 22.4190 16.0232
-MM-----ArrDer6 -3.2943 -1.5094 -3.1498 18.3479 -3.2812
-MM-----ArrIzq12 -3.9625 -3.9580 -3.9510 -4.0233 -4.1026
-MM--C--6ArrDer35 -0.8000 0.0000 -0.8000 -0.9600 0.0000
-MM--C--ArrDer6 -0.8000 -0.8000 -1.6740 90.6762 -1.4720
A 0.0000 0.0000 0.0000 0.0000 0.0000
C-------8ArrIzq35 -0.8000 -0.9600 -0.9600 -0.8000 0.0000
C-------ArrIzq8 99.3666 62.6697 43.2838 77.2366 75.1346
C-M-M--M11ArrIzq36 85.1758 -0.8000 51.4977 -0.8000 0.0000
C-M-M--MArr5 60.7405 -1.3120 -0.8000 -0.8000 -0.8000
CCM-M--M11Arr37 116.3992 94.8755 119.1141 150.0306 0.0000
CCM-M--M15ArrIzq37 0.0000 0.0000 0.0000 0.0000 0.0000
CCM-M--MArr5 175.7126 70.0826 -0.8000 112.6817 -0.9600
F-------2ArrIzq1 158.2000 96.4353 95.9613 126.3680 0.0000
F-------2ArrIzq2 158.2000 95.4463 99.4442 157.2136 0.0000
F-------2ArrIzq3 191.9730 -0.8000 -0.8000 -0.8000 0.0000
F-------ArrIzq2 160.0627 100.5545 61.7509 68.9568 130.8092
F-------ArrIzq21 158.2000 0.0000 0.0000 70.7263 123.0934
F-------ArrIzq22 35.1760 99.2344 98.1959 158.6749 124.3772
F-------ArrIzq23 208.6263 131.3681 131.7114 208.6330 165.1949
F-M--MM-12AbaIzq23 0.0000 0.0000 -0.8000 0.0000 0.0000
F-M--MM-12AbaIzq34 0.0000 0.0000 0.0000 100.9280 0.0000
F-M--MM-12ArrDer22 -0.8000 -0.8000 -0.8000 -0.8000 0.0000
F-M--MM-12ArrDer32 -0.8000 -0.8000 -0.9600 -0.8000 0.0000
F-M--MM-2ArrIzq3 100.8960 121.4045 95.4269 166.4806 0.0000
F-M--MM-3AbaIzq31 -0.8000 0.0000 -0.8000 0.0000 0.0000
F-M--MM-ArrIzq2 163.1008 124.0370 101.6366 154.2398 120.8436
M-------10AbaIzq23 -0.9600 -0.9600 -0.8000 -0.8000 0.0000
M-------10AbaIzq24 -0.9600 -0.9600 -0.9920 -0.9600 0.0000
M-------10AbaIzq34 -0.9984 -0.9984 -0.9984 -0.9920 0.0000
M-------10ArrDer22 -0.9984 -0.9600 -0.9281 -0.9997 0.0000
M-------10ArrDer32 -0.9983 -0.9920 -0.9920 -0.9984 0.0000
M-------12ArrDer1 -1.0000 -1.0000 -1.0000 -1.0000 0.0000
M-------12ArrDer12 -0.8000 0.0000 0.0000 0.0000 0.0000
M-------4ArrIzq2 -0.8000 -0.8000 3.4814 0.0000 0.0000
M-------4ArrIzq22 -0.8000 -0.9386 -0.8000 -0.8000 0.0000
M-------4ArrIzq3 -1.0000 -1.0000 -1.0000 103.4214 0.0000
M-------4ArrIzq32 -0.9600 13.8960 50.6893 -0.8000 0.0000
M-------5AbaIzq2 0.0000 0.0000 0.0000 -0.8000 0.0000
M-------5AbaIzq3 -0.1416 83.2436 -0.6286 -0.9984 0.0000
M-------5AbaIzq31 0.0000 -0.8000 -0.8000 -0.8000 0.0000
M-------6ArrIzq1 0.0000 0.0000 -0.8000 -0.8000 0.0000
M-------6ArrIzq2 39.8618 17.9104 -1.0000 17.6930 0.0000
M-------7AbaIzq1 -0.9920 -0.9600 -0.9600 -0.9600 0.0000
M-------7AbaIzq12 -0.8000 -0.8000 -0.9600 -0.8000 0.0000
M-------7AbaIzq2 -1.0000 -1.0000 -0.9999 -1.0000 0.0000
M-------7AbaIzq22 6.0312 -0.9984 22.9202 101.3877 0.0000
M-------7AbaIzq3 -0.8000 -0.8251 -0.8000 -0.8000 0.0000
M-------7AbaIzq32 -0.8000 0.0000 0.0000 -0.8000 0.0000
M-------7ArrIzq1 7.1426 12.5349 7.4748 4.6479 0.0000
M-------7ArrIzq12 -0.9920 -0.9984 -0.9920 -0.9920 0.0000
M-------8AbaIzq2 -0.8000 -0.8000 -0.8000 -0.9600 0.0000
M-------9ArrIzq1 -1.0000 -1.0000 -1.0000 -1.0000 0.0000
M-------AbaIzq52 0.0000 1.0310 0.0000 0.0000 0.0000
M-------AbaIzq53 -2.0875 -1.5608 -2.5794 55.2176 -2.0766
M-------AbaIzq7 -3.6446 -3.2525 -3.7404 -3.2031 -2.8419
M-------AbaIzq81 0.0000 -0.8000 0.0000 0.0000 0.0000
M-------AbaIzq82 -0.9600 -1.4720 -1.6645 -0.9600 -1.4720
M-------ArrDer12 -3.4765 -3.5180 -3.3061 -3.5770 -3.4333
M-------ArrIzq4 49.1123 24.9872 44.2296 102.9344 70.4098
M-------ArrIzq6 19.9395 10.2429 13.0273 -3.9398 12.6182
M-------ArrIzq7 8.5877 2.7838 3.0620 -2.3288 0.7336
M-------ArrIzq91 29.2255 3.3694 9.8108 16.9043 22.3720
M----M--11ArrIzq1 0.0000 0.0000 17.4078 0.0000 0.0000
M----M--3AbaIzq1 -0.9600 -0.9920 -0.9600 -0.9600 0.0000
M----M--3AbaIzq2 77.6068 47.5485 -1.0000 128.9888 0.0000
M----M--3AbaIzq3 0.8820 -0.8000 -0.4216 -0.8000 0.0000
M----M--4ArrIzq12 -0.8000 -0.9600 -0.8000 -0.8000 0.0000
M----M--4ArrIzq22 -0.9920 -0.9984 -0.9920 63.5942 0.0000
M----M--4ArrIzq32 -0.8000 -0.8000 0.0000 0.0000 0.0000
M----M--7ArrIzq1 7.8129 -1.0000 5.0356 6.4404 0.0000
M----M--7ArrIzq12 -0.9984 -0.9984 -0.9997 -0.9997 0.0000
M----M--AbaIzq3 71.9407 78.6524 75.2437 125.8398 98.9828
M----M--ArrIzq7 12.9855 -3.6714 -2.8811 5.5577 -2.9855
M----MMM11ArrIzq2 0.0000 -0.8000 0.0000 0.0000 0.0000
M----MMM13AbaIzq23 -0.9600 0.0000 -0.8000 -0.8000 0.0000
M----MMM13ArrDer22 -0.9984 -0.9984 -0.9984 -0.9984 0.0000
M----MMM13ArrDer32 -1.0000 -1.0000 -0.9999 -1.0000 0.0000
M----MMM13ArrIzq32 0.0000 0.0000 0.0000 0.0000 0.0000
M----MMM13ArrIzq34 0.0000 0.0000 0.0000 0.0000 0.0000
M----MMM13ArrIzq35 0.0000 0.0000 0.0000 29.5811 0.0000
M----MMM15ArrDer1 -1.0000 -1.0000 -1.0000 -1.0000 0.0000
M----MMM5ArrIzq1 -0.9920 -0.9920 -0.9920 -0.9600 0.0000
M----MMM5ArrIzq2 -1.0000 -1.0000 -1.0000 -1.0000 0.0000
M----MMM5ArrIzq3 82.6792 48.7506 9.1510 -1.0000 0.0000
M----MMM5ArrIzq31 -0.8000 -0.8000 -0.8000 110.2473 0.0000
M----MMM6ArrIzq12 -0.8000 0.0000 -0.8000 0.0000 0.0000
M----MMM6ArrIzq22 -0.9997 -0.9984 -0.9997 -0.9997 0.0000
M----MMM6ArrIzq32 0.0000 0.0000 -0.8000 0.0000 0.0000
M----MMM7ArrDer1 -1.0000 -1.0000 -1.0000 -1.0000 0.0000
M----MMM7ArrDer2 -0.9999 -1.0000 -0.9997 -0.9999 0.0000
M----MMM7ArrIzq1 0.0000 0.0000 3.5770 -0.8000 0.0000
M----MMM7ArrIzq2 -0.9999 -0.9997 -0.9999 -0.9997 0.0000
M----MMM9AbaIzq22 -0.9600 -0.9600 -0.9920 -0.9600 0.0000
M----MMM9AbaIzq32 -0.9920 -0.9920 -0.9920 -0.9984 0.0000
M----MMM9Arr24 -0.8000 -0.9600 -0.8000 -0.9600 0.0000
M----MMM9Arr32 -0.9920 -0.9600 -0.8000 -0.9600 0.0000
M----MMM9Arr34 -0.9997 -0.9999 -0.9997 -0.9999 0.0000
M----MMM9Arr37 139.0815 -0.9600 -0.8000 -0.8000 0.0000
M----MMM9ArrDer36 -0.8000 0.0000 0.0000 0.0000 0.0000
M----MMM9ArrIzq1 -1.0000 -1.0000 -1.0000 -1.0000 0.0000
M----MMM9ArrIzq12 -0.9984 -0.9984 -0.9984 -0.9984 0.0000
M----MMM9ArrIzq35 9.5787 28.7483 21.8231 37.3259 0.0000
M----MMMArrDer15 -3.5505 -3.3729 -3.4485 -3.5499 -3.4105
M----MMMArrDer7 16.6966 4.2678 -0.6614 29.3721 0.0641
M----MMMArrIzq5 25.6090 -2.3824 -2.4117 -2.4993 -2.5700
M----MMMArrIzq7 11.2304 4.6429 2.9644 8.2667 12.5602
M----MMMArrIzq9 -4.1045 -4.1798 -4.0612 -4.3075 -4.1255
M--C-MMM13AbaIzq24 0.0000 0.0000 -0.8000 145.7280 0.0000
M--C-MMM13AbaIzq34 -0.8000 0.0000 -0.8000 175.8874 0.0000
M--C-MMM5ArrIzq32 0.0000 151.6701 88.9779 210.7475 0.0000
M--C-MMMArrDer15 -0.8000 -0.8000 -3.2832 176.0163 -0.8000
M--C-MMMArrIzq5 0.0000 -0.8000 0.0000 177.2101 0.0000
M--C-MMMArrIzq7 43.9816 0.0000 -2.7724 184.1786 0.0000
M--M----10AbaIzq22 -0.9600 -0.8000 -0.9600 -0.9600 0.0000
M--M----10AbaIzq32 -0.9920 -0.9920 -0.9920 -0.9920 0.0000
M--M----10Arr24 0.0000 -0.8000 -0.8000 0.0000 0.0000
M--M----10Arr32 -0.9920 -0.9920 -0.9600 -0.9920 0.0000
M--M----10Arr34 -0.9920 -0.9997 -0.9920 -0.9920 0.0000
M--M----10ArrIzq35 -1.0000 -1.0000 16.1598 -1.0000 0.0000
M--M----11ArrDer1 -1.0000 -1.0000 -1.0000 -1.0000 0.0000
M--M----11ArrDer12 -0.9600 -0.8000 -0.9600 -0.9920 0.0000
M--M----12ArrIzq35 0.0000 0.0000 0.0000 -0.9600 0.0000
M--M----14ArrIzq34 0.0000 0.0000 0.0000 0.0000 0.0000
M--M----16ArrDer1 0.0000 0.0000 0.0000 0.0000 0.0000
M--M----3AbaIzq2 -0.9920 -0.9600 -0.9600 -0.9600 0.0000
M--M----3AbaIzq3 -1.0000 -1.0000 -1.0000 -1.0000 0.0000
M--M----5AbaIzq22 0.0000 -0.8000 -0.1426 -0.8000 0.0000
M--M----5AbaIzq3 -0.8000 0.0000 0.0000 0.0000 0.0000
M--M----5AbaIzq32 -0.9920 -0.9920 11.5124 -0.9984 0.0000
M--M----5ArrIzq2 51.0963 23.3087 -1.0000 36.1299 0.0000
M--M----6AbaIzq31 0.0000 0.0000 -0.8000 0.0000 0.0000
M--M----6ArrDer1 -1.0000 -1.0000 -1.0000 -1.0000 0.0000
M--M----6ArrDer2 -0.9997 -0.9997 -0.9997 -0.9999 0.0000
M--M----6ArrDer35 0.0000 0.0000 0.0000 0.0000 0.0000
M--M----9AbaIzq23 -0.8000 -0.9600 -0.8000 -0.8000 0.0000
M--M----9AbaIzq24 -0.9600 -0.9600 -0.9600 -0.9600 0.0000
M--M----9AbaIzq34 -0.9984 -0.9920 -0.9920 -0.9984 0.0000
M--M----9ArrDer22 -0.9600 -0.9793 -0.9600 -0.9920 0.0000
M--M----9ArrDer32 -0.9901 -0.9975 -0.9776 -0.9920 0.0000
M--M----AbaIzq3 47.5505 81.6503 35.8381 52.5596 59.3207
M--M----ArrDer11 -3.2781 -3.2810 -3.5146 -3.3104 -3.2435
M--M----ArrDer6 -4.3221 22.4985 -4.2149 0.2357 -4.1475
M--M----ArrIzq5 16.4091 -3.3849 30.0927 -3.3453 -3.2893
M--M-M--10ArrDer1 -1.0000 -1.0000 -1.0000 -1.0000 0.0000
M--M-M--10ArrDer12 -0.9600 -0.8000 -0.9600 -0.9600 0.0000
M--M-M--10ArrDer14 -0.8000 0.0000 -0.8000 -0.8000 0.0000
M--M-M--11ArrDer1 -0.9997 -0.9600 -0.9600 -0.9920 0.0000
M--M-M--12ArrDer1 -0.9600 -0.8000 -0.9920 -0.8000 0.0000
M--M-M--13ArrDer1 -0.9600 -0.9600 -0.8000 -0.8000 0.0000
M--M-M--14ArrDer1 -0.9920 -0.9920 -0.9920 -0.9920 0.0000
M--M-M--17Arr1 -0.8000 0.0000 -0.8000 0.0000 0.0000
M--M-M--18Arr1 -0.8000 0.0000 0.0000 0.0000 0.0000
M--M-M--19Arr1 0.0000 0.0000 0.0000 -0.8000 0.0000
M--M-M--2Arr1 158.2000 95.4792 0.0000 124.5498 0.0000
M--M-M--2Arr2 157.5855 -0.9920 60.0964 -0.9999 0.0000
M--M-M--3Arr1 -1.0000 -1.0000 -1.0000 -1.0000 0.0000
M--M-M--3Arr2 -0.9984 -0.9920 -0.9920 -0.9920 0.0000
M--M-M--4AbaIzq2 -0.9984 -0.9984 -0.9984 -0.9984 0.0000
M--M-M--4AbaIzq3 -0.9997 -0.9997 -0.9999 -0.9999 0.0000
M--M-M--4Arr1 -1.0000 -1.0000 -1.0000 -1.0000 0.0000
M--M-M--4Arr2 -1.0000 6.7214 -1.0000 -1.0000 0.0000
M--M-M--4ArrIzq2 65.1275 33.4322 -1.0000 50.8272 0.0000
M--M-M--5Arr1 -1.0000 -1.0000 -1.0000 -1.0000 0.0000
M--M-M--5Arr2 -0.9984 -0.9999 12.0647 -0.9997 0.0000
M--M-M--6AbaIzq22 2.5641 -0.8000 0.0000 0.0000 0.0000
M--M-M--6AbaIzq32 -0.9920 -0.9920 -0.9920 -0.9920 0.0000
M--M-M--6ArrIzq2 -0.8000 0.0000 0.0000 0.0000 0.0000
M--M-M--8AbaDer22 -0.9920 -0.9920 -0.9755 -0.9920 0.0000
M--M-M--8AbaDer32 -0.9600 -0.9770 -0.8000 -0.8000 0.0000
M--M-M--8AbaIzq23 0.0000 -0.8000 0.0000 0.0000 0.0000
M--M-M--8AbaIzq24 -0.9600 -0.9600 -0.9600 -0.8000 0.0000
M--M-M--8AbaIzq34 -0.9984 -0.9984 -0.9984 -0.9920 0.0000
M--M-M--AbaIzq4 4.0219 66.8772 -2.7794 43.9206 -2.8607
M--M-M--Arr2 158.2000 52.0437 72.3154 -0.8000 99.8120
M--M-M--Arr21 39.9016 -1.4720 -1.3120 -1.4720 -0.9600
M--M-M--Arr22 158.6749 -1.1149 94.2528 125.3455 -1.4720
M--M-M--Arr3 0.0000 6.6795 58.6658 0.0000 -0.8000
M--M-M--Arr31 -0.9580 -1.5452 0.7421 -0.4912 -4.1292
M--M-M--Arr32 -1.0202 -2.2452 30.6827 -2.0365 -2.0365
M--M-M--Arr4 49.6219 4.0667 -2.3634 -1.4720 22.0837
M--M-M--Arr41 -4.2040 -4.0314 1.2128 -4.1266 -4.6823
M--M-M--Arr42 -1.9118 -2.0649 -2.2681 -2.0365 -2.1494
M--M-M--Arr5 26.0509 -2.0234 -2.2497 -1.6411 -2.1699
M--M-M--Arr51 -3.9272 -4.1054 -3.8726 -3.8606 -4.6521
M--M-M--Arr52 -2.4633 -2.5294 14.3849 -2.6055 -2.5106
M--M-M--ArrDer10 -3.2183 -3.3041 -3.3713 -3.1627 -2.9089
M--M-M--ArrDer101 -0.9600 -0.9600 -1.4720 -1.4720 -1.4720
M--M-M--ArrDer11 0.0000 0.0000 -0.8000 0.0000 0.0000
M--M-M--ArrDer111 -1.4720 -0.8000 0.0000 0.0000 -0.8000
M--M-M--ArrDer121 0.0000 -0.8000 -0.8000 -0.8000 -0.8000
M--M-M--ArrDer131 -0.8000 0.0000 -0.8000 -0.8000 -0.8000
M--M-M--ArrIzq4 -2.9868 -2.9519 39.8940 -3.1973 -3.1828
M--M-MMM11Arr2 0.0000 -0.8000 -0.8000 0.0000 0.0000
M--M-MMM12Aba22 -0.9997 -0.9997 -0.9999 -0.9999 0.0000
M--M-MMM12ArrDer1 -1.0000 8.2300 12.5235 -1.0000 0.0000
M--M-MMM13Aba24 -0.9984 -0.9984 -0.9984 -0.9920 0.0000
M--M-MMM13AbaDer24 0.0000 0.0000 0.0000 -0.8000 0.0000
M--M-MMM13ArrDer22 -0.9999 -0.9999 -0.9999 -0.9999 0.0000
M--M-MMM14Aba14 -0.9600 -0.8000 -0.8000 -0.8000 0.0000
M--M-MMM14Aba24 -0.9984 -0.9984 -0.9920 -0.9600 0.0000
M--M-MMM14AbaDer12 -0.9997 -0.9997 -0.9984 -0.9997 0.0000
M--M-MMM14AbaDer22 -0.9600 -0.9920 -0.9920 -0.9920 0.0000
M--M-MMM14AbaDer24 0.0000 0.0000 0.0000 0.0000 0.0000
M--M-MMM15ArrDer1 -1.0000 -1.0000 -1.0000 -1.0000 0.0000
M--M-MMM20Arr1 -0.9600 0.0000 0.0000 -0.8000 0.0000
M--M-MMM2Aba2 -1.0000 -1.0000 -1.0000 -1.0000 0.0000
M--M-MMM3Arr1 0.0000 -0.8000 -0.8000 0.0000 0.0000
M--M-MMM3Arr2 4.6232 -0.1420 16.5389 7.5335 0.0000
M--M-MMM6Arr1 -1.0000 -1.0000 -1.0000 -1.0000 0.0000
M--M-MMM6Arr2 -0.9920 -0.9984 -0.9984 -0.9984 0.0000
M--M-MMMAba2 -3.9872 -3.9986 -3.9176 -3.9589 -3.9041
M--M-MMMArr3 3.8755 4.5761 39.6300 4.6761 -4.2654
M--M-MMMArr32 99.1287 0.0000 0.0000 0.0000 0.0000
M--M-MMMArr6 -2.2387 -2.5083 -2.0789 -2.5083 -2.0365
M--M-MMMArr61 -4.6828 -4.0221 -4.0482 -4.6343 -4.6431
M--M-MMMArr62 -2.6633 -2.5106 -2.7158 -2.8629 -2.5106
M--M-MMMArrDer12 12.5107 -0.1785 -3.8072 -3.9589 5.5107
M--M-MMMArrDer15 -3.8192 -3.8680 -3.7527 -3.8590 -3.7606
M-CM----10ArrDer36 -0.9600 -0.8000 -0.8000 -0.9600 0.0000
M-CM----ArrDer6 60.3576 8.1347 0.0000 10.4915 0.0000
MC-M----10Arr36 79.2000 0.0000 0.0000 -0.8000 0.0000
MC-M----ArrDer6 79.2000 -1.4144 -0.8000 -0.8000 0.0000
MCCM----10Arr37 188.8096 0.0000 0.0000 115.6585 0.0000
MCCM----ArrDer6 191.4889 72.5265 0.0000 -0.8000 111.6555
MF-M-M--1Arr1 199.0000 123.0814 102.7211 126.5600 0.0000
MF-M-M--1Arr2 198.9996 -0.8000 -0.8000 -0.8000 0.0000
MF-M-M--Arr1 199.0000 -0.8000 100.4480 126.5597 0.0000
MF-M-M--Arr11 0.0000 -0.8000 122.5064 -0.8000 0.0000
MF-M-M--Arr12 199.5937 123.8148 124.1941 158.6609 156.7637
MF-M-MMM13Aba34 191.0400 0.0000 0.0000 -0.8000 0.0000
MF-M-MMM13ArrDer22 0.0000 0.0000 -0.8000 -0.8000 0.0000
MF-M-MMM13ArrDer32 159.2000 0.0000 0.0000 0.0000 0.0000
MF-M-MMM1Arr3 209.4548 126.3999 -0.8000 126.3918 0.0000
MF-M-MMMArr1 210.6914 -0.8000 0.0000 -0.8000 126.1081
MM------10ArrIzq1 0.0000 0.0000 0.0000 0.0000 0.0000
MM------4AbaIzq2 0.0000 0.0000 0.0000 -0.8000 0.0000
MM------4AbaIzq3 -0.9920 57.6207 -0.9920 -0.9600 0.0000
MM------6AbaIzq1 -0.8000 -0.9600 -0.9600 -0.8000 0.0000
MM------6AbaIzq12 0.0000 -0.9600 -0.8000 0.0000 0.0000
MM------6AbaIzq2 -1.0000 -1.0000 -1.0000 63.2764 0.0000
MM------6AbaIzq22 96.9263 63.7779 78.9079 127.9383 0.0000
MM------6AbaIzq3 0.0000 1.6121 -0.8000 -0.8000 0.0000
MM------6AbaIzq32 0.0000 -0.8000 0.0000 0.0000 0.0000
MM------6ArrIzq1 4.2037 5.7216 11.4156 4.9884 0.0000
MM------6ArrIzq12 -0.9600 -0.9600 -0.9600 -0.9600 0.0000
MM------7AbaIzq2 -0.8000 -0.9600 -0.8000 -0.8000 0.0000
MM------8ArrIzq1 -1.0000 -1.0000 -1.0000 -1.0000 0.0000
MM------AbaIzq43 -1.3472 -2.0746 -1.6965 113.2433 -1.4720
MM------AbaIzq6 -3.3104 13.8295 -3.0817 -3.2095 -3.2435
MM------AbaIzq71 0.0000 -0.8000 0.0000 0.0000 -0.8000
MM------AbaIzq72 -1.4720 -0.9920 -1.3120 -0.8000 -1.4720
MM------ArrIzq6 -2.2605 6.0228 2.4842 -2.3910 -3.0358
MM------ArrIzq81 16.9043 16.4811 22.3804 12.5233 16.7357
MM---MM-12ArrIzq1 0.0000 0.0000 0.0000 0.0000 0.0000
MM---MM-12ArrIzq12 0.0000 -0.8000 0.0000 0.0000 0.0000
MM---MM-2AbaIzq1 -0.8000 -0.8000 -0.8000 101.0880 0.0000
MM---MM-2AbaIzq2 101.1381 123.6179 101.2745 161.4657 0.0000
MM---MM-2AbaIzq3 -0.8000 0.0000 6.2892 0.0000 0.0000
MM---MM-5ArrIzq12 -0.8000 0.0000 -0.8000 0.0000 0.0000
MM---MM-5ArrIzq22 -0.9600 -0.9600 -0.9600 141.6512 0.0000
MM---MM-6ArrIzq1 3.7808 4.9860 5.3407 3.1707 0.0000
MM---MM-6ArrIzq12 -1.0000 -1.0000 -1.0000 -1.0000 0.0000
MM---MM-AbaIzq2 124.2671 120.6901 78.5174 158.4975 99.6204
MM---MM-ArrIzq6 4.2158 -3.3734 6.0169 -3.6131 3.3961
MM---MMM14ArrDer22 -0.9997 -0.9997 -0.9999 -0.9997 0.0000
MM---MMM14ArrDer32 -1.0000 -1.0000 -1.0000 -1.0000 0.0000
MM---MMM16ArrDer1 -1.0000 -1.0000 -1.0000 -1.0000 0.0000
MM---MMM4ArrIzq1 -0.8000 -0.8000 -0.9600 -0.9600 0.0000
MM---MMM4ArrIzq2 -1.0000 -1.0000 -1.0000 -0.9999 0.0000
MM---MMM4ArrIzq3 49.9961 48.7969 65.1257 37.6016 0.0000
MM---MMM6ArrIzq1 -0.8000 -0.8000 -0.8000 0.0000 0.0000
MM---MMM6ArrIzq2 -0.9984 -0.9999 -0.9997 -0.9984 0.0000
MM---MMM6ArrIzq3 0.0000 0.0000 0.0000 22.0896 0.0000
MM---MMM7ArrIzq22 -0.9997 -0.9997 -0.9997 -0.9984 0.0000
MM---MMM8ArrIzq1 -0.9999 -0.9997 -0.9999 -0.9997 0.0000
MM---MMM8ArrIzq12 -0.9920 -0.9984 -0.9984 -0.9920 0.0000
MM---MMMArrDer16 -3.5758 -3.5910 -3.6037 -3.6497 -3.3495
MM---MMMArrIzq4 -2.9459 -2.8964 -2.8115 -3.2883 -2.7989
MM---MMMArrIzq6 2.6285 2.6032 9.9340 8.6101 -4.1334
MM---MMMArrIzq8 -4.2345 -4.2654 -3.6379 -4.1879 -4.2205
MM-C-MMM14AbaIzq23 -0.8000 -0.8000 -0.8000 95.0400 0.0000
MM-C-MMM14AbaIzq33 0.0000 0.0000 0.0000 98.8416 0.0000
MM-C-MMM4ArrIzq31 109.8303 102.9975 82.9271 139.8144 0.0000
MM-C-MMMArrDer16 -0.8000 -0.8000 -0.8000 99.4792 0.0000
MM-C-MMMArrIzq4 0.0000 0.0000 18.8517 97.5367 61.7643
MM-C-MMMArrIzq6 -0.8000 74.3885 -0.8000 112.3519 -0.8000
MMM-----1 
MMM-----10AbaIzq32 -0.9984 -0.9920 -0.9600 -0.9920 0.0000
MMM-----5AbaIzq2 -1.0000 30.5364 -1.0000 78.6442 0.0000
MMM-----5AbaIzq3 -0.8000 -0.8000 -0.8000 -0.8000 0.0000
MMM-----6AbaDer1 48.0815 33.6079 61.8467 36.8886 0.0000
MMM-----6AbaDer2 -0.9920 -0.9920 -0.9600 -0.9920 0.0000
MMM-----6AbaIzq1 0.0000 -0.8000 0.0000 0.0000 0.0000
MMM-----6AbaIzq2 -1.0000 -1.0000 -1.0000 -1.0000 0.0000
MMM-----6AbaIzq3 -0.9600 -0.9600 -0.8000 -0.9600 0.0000
MMM-----7AbaDer1 30.0255 -1.0000 48.4774 28.0165 0.0000
MMM-----7AbaIzq2 -0.9920 -0.9920 -0.9920 -0.9920 0.0000
MMM-----8AbaDer12 0.0000 0.0000 0.0000 -0.8000 0.0000
MMM-----8AbaDer22 -0.8000 -0.8995 -0.8000 -0.8000 0.0000
MMM-----8AbaDer24 -0.8000 -0.9600 -0.8000 -0.8000 0.0000
MMM-----8AbaDer32 -0.8000 -0.8000 -0.8000 -0.8000 0.0000
MMM-----8AbaDer34 -0.9920 -0.9920 -0.9920 -0.9920 0.0000
MMM-----9AbaDer12 -0.8000 -0.9600 -0.8000 -0.8000 0.0000
MMM-----9AbaDer22 -0.9600 -0.9600 -0.7985 -0.9600 0.0000
MMM-----9AbaDer24 -0.8000 -0.8000 -0.8000 -0.8000 0.0000
MMM-----9AbaDer32 -0.8000 -0.8000 -0.8000 -0.8000 0.0000
MMM-----9AbaDer34 -0.9920 -0.9600 -0.9600 -0.9920 0.0000
MMM-----9AbaIzq22 0.0000 1.0405 0.0000 0.0000 0.0000
MMM-----9AbaIzq32 -0.9920 0.0644 -0.9920 -0.9984 0.0000
MMM----M10AbaDer1 16.1881 -1.0000 22.3804 -1.0000 0.0000
MMM----M10AbaIzq22 -0.9920 -0.9984 -0.9984 -0.9984 0.0000
MMM----M11AbaIzq22 -0.9999 -0.9939 -0.9930 -0.9985 0.0000
MMM----M11AbaIzq32 -1.0000 4.9546 4.4438 13.8535 0.0000
MMM----M12AbaDer12 -0.9984 -0.9920 -0.9984 -0.9984 0.0000
MMM----M12AbaDer22 -0.9600 -0.9600 -0.9920 -0.9600 0.0000
MMM----M12AbaIzq24 -0.9920 -0.9920 -0.9920 -0.9600 0.0000
MMM----M4AbaIzq2 -1.0000 -1.0000 -1.0000 -1.0000 0.0000
MMM----M5AbaDer1 59.3316 -1.0000 78.5584 48.4480 0.0000
MMM----M5AbaDer2 -1.0000 -1.0000 -1.0000 -1.0000 0.0000
MMM----M5AbaDer3 -0.9600 -0.9600 -0.8000 -0.8000 0.0000
MMM----M5ArrDer1 -1.0000 -1.0000 -1.0000 -1.0000 0.0000
MMM----M5ArrDer12 0.0000 -0.8000 0.0000 -0.8000 0.0000
MMM----M5ArrDer2 -1.0000 -1.0000 -1.0000 -1.0000 0.0000
MMM----M5ArrDer21 -0.8000 0.0000 -0.8000 -0.8000 0.0000
MMM----M5ArrDer22 -0.8000 -0.8000 49.7280 -0.8000 0.0000
MMM----M5ArrDer24 0.0000 -0.8000 0.0000 -0.8000 0.0000
MMM----M5ArrDer3 -0.8000 -0.8000 -0.8000 -0.8000 0.0000
MMM----M5ArrDer32 0.0000 -0.8000 -0.9600 -0.9600 0.0000
MMM----M5ArrDer33 0.0000 0.0000 -0.8000 0.0000 0.0000
MMM----M5ArrDer34 115.1230 51.7882 144.1338 87.7775 0.0000
MMM----M7AbaDer12 0.0000 -0.8000 -0.8000 0.0000 0.0000
MMM----M7AbaDer22 -0.8000 -0.8000 -0.9600 0.0000 0.0000
MMM----M7AbaDer24 -0.8000 -0.8000 -0.8000 -0.9600 0.0000
MMM----M7AbaDer32 0.0000 0.0000 -0.8000 -0.8000 0.0000
MMM----M7AbaDer34 -0.9920 -0.9920 -0.9920 -0.9984 0.0000
MMM----M7AbaIzq1 -0.8000 -0.8000 0.0000 -0.8000 0.0000
MMM----M9AbaIzq1 0.0000 -0.8000 -0.8000 0.0000 0.0000
MMM----M9AbaIzq12 0.0000 -0.8000 -0.8000 0.0000 0.0000
MMM----M9AbaIzq34 0.0000 0.0000 115.7704 0.0000 0.0000
MMM----M9ArrIzq1 0.0000 0.0000 -0.8000 -0.8000 0.0000
MMM---M-11AbaDer12 -0.9920 -0.9920 -0.9920 -0.9920 0.0000
MMM---M-11AbaDer22 -0.9600 -0.9600 -0.9920 -0.9920 0.0000
MMM---M-11AbaDer32 0.0000 0.0000 0.0000 -0.8000 0.0000
MMM---M-11AbaIzq24 -0.9600 -0.9600 -0.9600 -0.9600 0.0000
MMM---M-11AbaIzq34 0.0000 -0.8000 0.0000 -0.8000 0.0000
MMM---M-3AbaIzq2 -0.9997 103.3330 -0.9997 131.9720 0.0000
MMM---M-3AbaIzq3 0.0000 -0.8000 0.0000 -0.8000 0.0000
MMM---M-5AbaIzq2 -0.9999 -0.9999 -0.9999 -0.9999 0.0000
MMM---M-7AbaIzq22 0.0000 0.0000 0.0000 -0.8000 0.0000
MMM---M-7AbaIzq32 -0.8000 0.0000 0.0000 0.0000 0.0000
MMM---M-9AbaDer1 22.1872 -1.0000 29.2255 13.1996 0.0000
MMM---M-9AbaIzq22 -0.9600 -0.9600 -0.9600 -0.9600 0.0000
MMM---M-9AbaIzq32 -0.9600 -0.9920 -0.9984 -0.9920 0.0000
MMM---MM10AbaIzq1 -0.8000 -0.8000 -0.8000 -0.8000 0.0000
MMM---MM10AbaIzq12 -0.8000 0.0000 0.0000 -0.8000 0.0000
MMM---MM10ArrDer2 0.0000 0.0000 0.0000 0.0000 0.0000
MMM---MM10ArrIzq1 0.0000 0.0000 0.0000 -0.8000 0.0000
MMM---MM12AbaIzq22 -0.9920 -0.9920 -0.9920 -0.9965 0.0000
MMM---MM12AbaIzq32 2.9848 2.8334 1.6465 10.7699 0.0000
MMM---MM4AbaDer1 75.3761 75.3726 99.4480 49.2774 0.0000
MMM---MM4AbaDer2 -0.9997 -1.0000 -0.9997 -0.9999 0.0000
MMM---MM4AbaDer3 -0.8000 -0.8000 -0.8000 -0.8000 0.0000
MMM---MM4ArrDer1 -1.0000 -1.0000 -1.0000 -1.0000 0.0000
MMM---MM4ArrDer2 -1.0000 -1.0000 -1.0000 -1.0000 0.0000
MMM---MM4ArrDer21 0.0000 -0.8000 -0.8000 -0.8000 0.0000
MMM---MM4ArrDer3 -0.9600 -0.9600 -0.8000 -0.9600 0.0000
MMM---MM4ArrDer33 -0.8000 0.0000 82.7862 -0.8000 0.0000
MMM---MM8AbaDer12 0.0000 0.0000 -0.8000 0.0000 0.0000
MMM---MM8AbaDer22 -0.8000 -0.8000 -0.8000 -0.8000 0.0000
MMM---MM8AbaDer24 -0.8000 0.0000 0.0000 -0.8000 0.0000
MMM---MM8AbaDer32 -0.8000 -0.8000 -0.8000 -0.8000 0.0000
MMM---MM8AbaDer34 -0.9600 -0.9600 -0.9600 -0.9920 0.0000
MMM---MM8AbaIzq1 0.0000 -0.8000 0.0000 -0.9600 0.0000
MMM--F-M10AbaIzq32 -0.8000 -0.9600 -0.9600 0.0000 0.0000
MMM--F-M12AbaDer22 0.0000 0.0000 0.0000 -0.8000 0.0000
MMM--F-M12AbaDer32 0.0000 0.0000 0.0000 -0.8000 0.0000
MMM--F-M12AbaIzq34 -0.8000 0.0000 0.0000 -0.8000 0.0000
MMM--F-M2AbaIzq2 125.6326 166.2150 95.4316 148.5737 0.0000
MMM--F-M2AbaIzq3 0.0000 0.0000 0.0000 -0.8000 0.0000
MMM--M--10AbaDer12 -0.9600 -0.9600 -0.9600 -0.9600 0.0000
MMM--M--10AbaDer22 -0.9920 -0.9920 -0.9920 -0.9920 0.0000
MMM--M--10AbaDer32 0.0000 -0.8000 0.0000 -0.8000 0.0000
MMM--M--10AbaIzq24 0.0000 -0.8000 -0.8000 -0.8000 0.0000
MMM--M--10AbaIzq34 -0.9600 -0.9600 -0.9600 -0.8000 0.0000
MMM--M--4AbaIzq2 80.6815 51.4252 58.6264 104.5774 0.0000
MMM--M--4AbaIzq3 0.0000 -0.8000 -0.8000 -0.8000 0.0000
MMM--M--6AbaIzq2 -0.9984 -0.9920 -0.9984 -0.9997 0.0000
MMM--M--8AbaDer1 22.9359 0.1404 37.7819 17.7043 0.0000
MMM--M--8AbaIzq22 -0.8000 -0.8000 0.0000 -0.8000 0.0000
MMM--M--8AbaIzq32 -0.9984 -0.9920 -0.9984 -0.9997 0.0000
MMM--MMM10AbaDer12 -0.8000 -0.8000 -0.8000 0.0000 0.0000
MMM--MMM10AbaDer22 -0.8000 0.0000 -0.8000 0.0000 0.0000
MMM--MMM10AbaDer32 -0.8000 0.0000 -0.8000 -0.8000 0.0000
MMM--MMM10AbaDer34 -0.8000 0.0000 0.0000 -0.8000 0.0000
MMM--MMM10AbaIzq1 -0.9600 -0.9600 -0.9600 -0.9920 0.0000
MMM--MMM11AbaIzq1 -0.9999 -0.9999 -0.9997 -0.9999 0.0000
MMM--MMM11AbaIzq12 -0.8000 -0.8000 -0.8000 -0.8000 0.0000
MMM--MMM11ArrDer1 0.0000 0.0000 0.0000 0.0000 0.0000
MMM--MMM12AbaIzq12 -0.8000 -0.9600 -0.8000 -0.9600 0.0000
MMM--MMM13AbaIzq12 0.0000 0.0000 -0.8000 -0.9600 0.0000
MMM--MMM13AbaIzq22 -0.9600 -0.9920 -0.9600 -0.9920 0.0000
MMM--MMM13AbaIzq32 -1.0000 0.7868 0.5774 4.3578 0.0000
MMM--MMM14AbaIzq32 -0.8000 -0.9600 -0.8000 -0.9600 0.0000
MMM--MMM2AbaDer1 120.4988 100.0866 158.2000 98.6447 0.0000
MMM--MMM2AbaDer2 -0.8000 -0.9984 100.9280 -0.9600 0.0000
MMM--MMM3AbaDer1 -0.9920 79.3587 125.5600 62.5907 0.0000
MMM--MMM3AbaDer2 -0.9920 -0.9997 -0.9984 -0.9920 0.0000
MMM--MMM3AbaDer3 0.0000 0.0000 0.0000 -0.8000 0.0000
MMM--MMM3ArrDer1 -0.9999 -0.9999 -0.9999 -1.0000 0.0000
MMM--MMM3ArrDer2 -1.0000 -1.0000 -1.0000 -1.0000 0.0000
MMM--MMM3ArrDer3 -0.9600 -0.9600 -0.9600 -0.9600 0.0000
MMM--MMM9AbaDer12 -0.8000 0.0000 -0.8000 0.0000 0.0000
MMM--MMM9AbaDer22 -0.9600 0.0000 -0.8000 0.0000 0.0000
MMM--MMM9AbaDer32 -0.8000 -0.8000 -0.8000 -0.8000 0.0000
MMM--MMM9AbaDer34 -0.8000 -0.9600 -0.8000 -0.9600 0.0000
MMM--MMM9AbaIzq1 -0.8000 -0.8000 -0.8000 -0.9600 0.0000
MMM-C-MM10AbaIzq12 0.0000 0.0000 79.2000 0.0000 0.0000
MMM-C-MM4ArrDer22 -0.8000 -0.9600 145.7280 0.0000 0.0000
MMM-C-MM4ArrDer32 -0.8000 -0.9600 79.2000 -0.8000 0.0000
MMM-C-MM4ArrDer34 145.7814 145.0524 179.8117 113.6010 0.0000
MMM-CMMM11AbaIzq11 0.0000 0.0000 79.2000 0.0000 0.0000
MMM-CMMM11AbaIzq33 0.0000 0.0000 0.0000 0.0000 0.0000
MMM-CMMM11ArrDer33 0.0000 0.0000 84.3732 0.0000 0.0000
MMM-CMMM3ArrDer21 0.0000 -0.9600 95.0400 -0.8000 0.0000
MMM-CMMM3ArrDer31 -0.8000 -0.8000 79.2000 0.0000 0.0000
MMM-CMMM3ArrDer33 83.1557 80.6542 99.9069 57.5925 0.0000
MMM-FMMM11Aba12 0.0000 0.0000 159.2000 0.0000 0.0000
MMM-FMMM11Aba22 0.0000 0.0000 159.2000 0.0000 0.0000
MMM-FMMM11Aba32 -0.8000 -0.8000 0.0000 -0.8000 0.0000
MMM-FMMM15AbaIzq32 -0.8000 -0.8000 0.0000 -0.8000 0.0000
MMM-FMMM1AbaDer1 126.1962 156.9280 199.0000 -0.8000 0.0000
MMM-FMMM1AbaDer2 0.0000 0.0000 191.0400 0.0000 0.0000
MMM-M---11ArrIzq2 0.0000 0.0000 0.0000 0.0000 0.0000
MMM-M---13AbaIzq24 -0.9920 -0.9984 -0.9984 -0.9920 0.0000
MMM-M---13ArrDer1 -1.0000 -1.0000 -1.0000 -1.0000 0.0000
MMM-M---13ArrDer22 -0.9999 -0.9999 -0.9999 -0.9999 0.0000
MMM-M---15ArrDer1 0.0000 0.0000 0.0000 0.0000 0.0000
MMM-M---3ArrIzq2 -1.0000 17.2658 2.4676 -1.0000 0.0000
MMM-M--M12AbaIzq22 -0.8000 -0.8000 -0.8000 -0.8000 0.0000
MMM-M--M12AbaIzq32 -0.8000 -0.9600 -0.9600 -0.9600 0.0000
MMM-M--M12ArrIzq32 -0.9920 -0.9920 -0.9920 -0.9920 0.0000
MMM-M--M12ArrIzq34 -0.9920 -0.9600 -0.9600 -0.9920 0.0000
MMM-M--M12ArrIzq35 11.6758 16.6330 9.5466 7.0338 0.0000
MMM-M--M16ArrIzq35 0.0000 0.0000 0.0000 0.0000 0.0000
MMM-M--M18Arr1 0.0000 0.0000 0.0000 0.0000 0.0000
MMM-M--M4Arr1 -1.0000 -1.0000 -0.9999 -1.0000 0.0000
MMM-M--M4Arr2 -0.9920 -0.9984 -0.9920 -0.9997 0.0000
MMM-MMMM12AbaIzq1 -1.0000 -1.0000 -1.0000 -1.0000 0.0000
MMM-MMMM12Arr2 -0.8000 0.0000 0.0000 0.0000 0.0000
MMM-MMMM14AbaIzq12 -0.9600 -0.8000 -0.9600 -0.9600 0.0000
MMM-MMMM14AbaIzq22 -0.8000 -0.8000 -0.8000 -0.9600 0.0000
MMM-MMMM14AbaIzq32 0.6349 0.2051 0.3305 0.5900 0.0000
MMM-MMMM2Arr1 -0.9997 -0.9999 -0.9997 -0.9999 0.0000
MMM-MMMM2Arr2 -1.0000 -1.0000 -1.0000 -1.0000 0.0000
MMM-MMMM2Arr3 -0.9600 -0.9920 -0.9920 -0.9920 0.0000
MMMCM--M12AbaIzq36 81.3879 59.9367 66.8474 108.7465 0.0000
MMMFM---13ArrDer22 0.0000 -0.8000 0.0000 0.0000 0.0000
MMMFM---13ArrDer32 -0.8000 0.0000 -0.8000 159.2000 0.0000
MMMFM---1AbaIzq3 -0.9600 -0.8000 -0.8000 191.0400 0.0000
MMMFM---4AbaIzq31 0.0000 -0.8000 0.0000 0.0000 0.0000
MMMM-M--11Aba22 -0.9984 -0.9997 -0.9984 -0.9984 0.0000
MMMM-M--11AbaDer1 -1.0000 -1.0000 -1.0000 -1.0000 0.0000
MMMM-M--11AbaIzq22 -0.8000 -0.9600 -0.8000 -0.8000 0.0000
MMMM-M--11AbaIzq32 -0.9600 -0.9920 -0.9600 -0.9600 0.0000
MMMM-M--11Arr32 -0.9920 -0.9920 -0.9920 -0.9600 0.0000
MMMM-M--11Arr34 -0.9920 -0.9920 -0.9920 -0.9600 0.0000
MMMM-M--11ArrIzq35 6.7960 2.9182 12.2173 8.3211 0.0000
MMMM-M--12Arr2 -0.8000 0.0000 0.0000 0.0000 0.0000
MMMM-M--12ArrDer22 0.0000 0.0000 0.0000 0.0000 0.0000
MMMM-M--13Aba24 -0.9600 -0.9920 -0.9920 -0.9600 0.0000
MMMM-M--13AbaDer12 -0.9984 -0.9984 -0.9997 -0.9997 0.0000
MMMM-M--13AbaDer22 -0.9600 -0.9600 -0.9600 -0.9600 0.0000
MMMM-M--14Aba24 -0.9984 -0.9920 -0.9984 -0.9997 0.0000
MMMM-M--14ArrDer1 -1.0000 -1.0000 -1.0000 -1.0000 0.0000
MMMM-M--14ArrDer22 -1.0000 -1.0000 -1.0000 -1.0000 0.0000
MMMM-M--15ArrIzq35 0.0000 0.0000 0.0000 0.0000 0.0000
MMMM-M--16ArrDer1 0.0000 0.0000 0.0000 0.0000 0.0000
MMMM-M--2Arr2 -1.0000 9.1131 11.3749 7.0176 0.0000
MMMM-M--3Aba2 -1.0000 -1.0000 -1.0000 -1.0000 0.0000
MMMM-M--5ArrDer1 -1.0000 -1.0000 -1.0000 -1.0000 0.0000
MMMM-M--5ArrDer2 -0.9997 -0.9997 -0.9997 -0.9997 0.0000
MMMM-MF-13Aba34 -0.8000 159.2000 0.0000 0.0000 0.0000
MMMM-MF-13AbaDer22 0.0000 159.2000 0.0000 -0.8000 0.0000
MMMM-MF-13AbaDer32 -0.8000 159.2000 0.0000 0.0000 0.0000
MMMM-MF-1Aba2 127.4497 207.2930 -0.8000 0.0000 0.0000
MMMM-MF-1Aba3 -0.8000 159.2000 0.0000 0.0000 0.0000
MMMM-MMM15ArrDer22 -1.0000 -1.0000 -1.0000 -1.0000 0.0000
MMMM-MMM15ArrDer32 -1.0000 -1.0000 -1.0000 -1.0000 0.0000
MMMM-MMM17ArrDer1 -1.0000 -1.0000 -1.0000 -1.0000 0.0000
MMMM-MMM3Arr3 39.7745 37.0854 51.0797 39.1821 0.0000
MMMM-MMM5Arr2 -0.9984 -0.9984 -0.9984 -0.9920 0.0000
MMMM-MMM7Arr3 0.0000 0.0000 0.0000 -0.8000 0.0000
MMMMCM--11AbaDer36 -0.9600 -0.9600 112.2854 85.1641 0.0000
